# Number of nodes=5863; Number of edges=33322; Number of node features=5; Model: gin.
epoch       loss         tn         fp         fn         tp       prec        rec        acc       bacc        auc 
1     1.4026       3695        863         57         75      0.080      0.568      0.804      0.689      0.782 
2     1.2939       3700        858         52         80      0.085      0.606      0.806      0.709      0.797 
3     1.2446       3702        856         50         82      0.087      0.621      0.807      0.717      0.800 
4     1.2016       3705        853         47         85      0.091      0.644      0.808      0.728      0.803 
5     1.1801       3705        853         47         85      0.091      0.644      0.808      0.728      0.805 
6     1.1576       3705        853         47         85      0.091      0.644      0.808      0.728      0.808 
7     1.1371       3708        850         44         88      0.094      0.667      0.809      0.740      0.811 
8     1.1185       3713        845         39         93      0.099      0.705      0.812      0.760      0.815 
9     1.1132       3715        843         37         95      0.101      0.720      0.812      0.767      0.818 
10     1.0757       3714        844         38         94      0.100      0.712      0.812      0.763      0.821 
11     1.0761       3716        842         36         96      0.102      0.727      0.813      0.771      0.823 
12     1.0777       3717        841         35         97      0.103      0.735      0.813      0.775      0.825 
13     1.0552       3719        839         33         99      0.106      0.750      0.814      0.783      0.827 
14      1.033       3719        839         33         99      0.106      0.750      0.814      0.783      0.828 
15     1.0184       3718        840         34         98      0.104      0.742      0.814      0.779      0.830 
16     1.0763       3718        840         34         98      0.104      0.742      0.814      0.779      0.831 
17     1.0502       3718        840         34         98      0.104      0.742      0.814      0.779      0.833 
18     1.0397       3717        841         35         97      0.103      0.735      0.813      0.775      0.834 
19      1.047       3716        842         36         96      0.102      0.727      0.813      0.771      0.834 
20     1.0108       3716        842         36         96      0.102      0.727      0.813      0.771      0.834 
21     1.0321       3716        842         36         96      0.102      0.727      0.813      0.771      0.837 
22     1.0163       3714        844         38         94      0.100      0.712      0.812      0.763      0.839 
23    0.99948       3715        843         37         95      0.101      0.720      0.812      0.767      0.837 
24     1.0241       3713        845         39         93      0.099      0.705      0.812      0.760      0.836 
25     1.0285       3711        847         41         91      0.097      0.689      0.811      0.752      0.836 
26    0.98577       3711        847         41         91      0.097      0.689      0.811      0.752      0.838 
27    0.97771       3713        845         39         93      0.099      0.705      0.812      0.760      0.841 
28    0.98108       3717        841         35         97      0.103      0.735      0.813      0.775      0.844 
29    0.95273       3715        843         37         95      0.101      0.720      0.812      0.767      0.843 
30    0.99051       3717        841         35         97      0.103      0.735      0.813      0.775      0.849 
31    0.98021       3716        842         36         96      0.102      0.727      0.813      0.771      0.847 
32    0.95358       3715        843         37         95      0.101      0.720      0.812      0.767      0.847 
33    0.95111       3717        841         35         97      0.103      0.735      0.813      0.775      0.853 
34    0.95713       3714        844         38         94      0.100      0.712      0.812      0.763      0.860 
35    0.95973       3716        842         36         96      0.102      0.727      0.813      0.771      0.856 
36    0.94282       3716        842         36         96      0.102      0.727      0.813      0.771      0.857 
37    0.92066       3716        842         36         96      0.102      0.727      0.813      0.771      0.859 
38      0.911       3716        842         36         96      0.102      0.727      0.813      0.771      0.860 
39     0.9158       3715        843         37         95      0.101      0.720      0.812      0.767      0.859 
40    0.93648       3717        841         35         97      0.103      0.735      0.813      0.775      0.865 
41    0.92016       3714        844         38         94      0.100      0.712      0.812      0.763      0.867 
42    0.89668       3716        842         36         96      0.102      0.727      0.813      0.771      0.865 
43    0.93157       3717        841         35         97      0.103      0.735      0.813      0.775      0.868 
44    0.91161       3715        843         37         95      0.101      0.720      0.812      0.767      0.870 
45    0.90084       3716        842         36         96      0.102      0.727      0.813      0.771      0.871 
46    0.91053       3717        841         35         97      0.103      0.735      0.813      0.775      0.871 
47    0.88537       3718        840         34         98      0.104      0.742      0.814      0.779      0.872 
48     0.8835       3718        840         34         98      0.104      0.742      0.814      0.779      0.876 
49    0.89539       3717        841         35         97      0.103      0.735      0.813      0.775      0.878 
50    0.91098       3717        841         35         97      0.103      0.735      0.813      0.775      0.879 
51    0.87083       3718        840         34         98      0.104      0.742      0.814      0.779      0.877 
52    0.89745       3719        839         33         99      0.106      0.750      0.814      0.783      0.877 
53    0.86418       3719        839         33         99      0.106      0.750      0.814      0.783      0.859 
54    0.87085       3718        840         34         98      0.104      0.742      0.814      0.779      0.866 
55    0.86948       3720        838         32        100      0.107      0.758      0.814      0.787      0.881 
56    0.84059       3720        838         32        100      0.107      0.758      0.814      0.787      0.882 
57    0.90189       3711        847         41         91      0.097      0.689      0.811      0.752      0.800 
58    0.87345       3706        852         46         86      0.092      0.652      0.809      0.732      0.774 
59    0.88613       3720        838         32        100      0.107      0.758      0.814      0.787      0.884 
60    0.85519       3721        837         31        101      0.108      0.765      0.815      0.791      0.884 
61    0.88384       3724        834         28        104      0.111      0.788      0.816      0.802      0.888 
62    0.86499       3719        839         33         99      0.106      0.750      0.814      0.783      0.882 
63    0.84111       3713        845         39         93      0.099      0.705      0.812      0.760      0.853 
64    0.84197       3718        840         34         98      0.104      0.742      0.814      0.779      0.876 
65    0.84803       3724        834         28        104      0.111      0.788      0.816      0.802      0.888 
66    0.82457       3723        835         29        103      0.110      0.780      0.816      0.799      0.889 
67     0.8397       3722        836         30        102      0.109      0.773      0.815      0.795      0.891 
68    0.81223       3720        838         32        100      0.107      0.758      0.814      0.787      0.883 
69    0.82944       3725        833         27        105      0.112      0.795      0.817      0.806      0.892 
70    0.77801       3725        833         27        105      0.112      0.795      0.817      0.806      0.895 
71    0.81484       3725        833         27        105      0.112      0.795      0.817      0.806      0.897 
72    0.80748       3722        836         30        102      0.109      0.773      0.815      0.795      0.893 
73    0.84256       3729        829         23        109      0.116      0.826      0.818      0.822      0.898 
74    0.82208       3729        829         23        109      0.116      0.826      0.818      0.822      0.896 
75    0.78347       3730        828         22        110      0.117      0.833      0.819      0.826      0.898 
76    0.80175       3729        829         23        109      0.116      0.826      0.818      0.822      0.903 
77    0.80946       3727        831         25        107      0.114      0.811      0.817      0.814      0.902 
78    0.78701       3728        830         24        108      0.115      0.818      0.818      0.818      0.901 
79    0.82736       3730        828         22        110      0.117      0.833      0.819      0.826      0.903 
80    0.80548       3730        828         22        110      0.117      0.833      0.819      0.826      0.902 
81    0.77422       3732        826         20        112      0.119      0.848      0.820      0.834      0.906 
82    0.83308       3733        825         19        113      0.120      0.856      0.820      0.838      0.907 
83    0.78025       3725        833         27        105      0.112      0.795      0.817      0.806      0.898 
84    0.75573       3731        827         21        111      0.118      0.841      0.819      0.830      0.908 
85    0.76471       3732        826         20        112      0.119      0.848      0.820      0.834      0.906 
86    0.77952       3728        830         24        108      0.115      0.818      0.818      0.818      0.899 
87    0.79704       3732        826         20        112      0.119      0.848      0.820      0.834      0.909 
88     0.7821       3732        826         20        112      0.119      0.848      0.820      0.834      0.910 
89    0.77236       3731        827         21        111      0.118      0.841      0.819      0.830      0.911 
90    0.78786       3730        828         22        110      0.117      0.833      0.819      0.826      0.911 
91    0.78203       3732        826         20        112      0.119      0.848      0.820      0.834      0.912 
92    0.75771       3734        824         18        114      0.122      0.864      0.820      0.841      0.912 
93     0.7675       3729        829         23        109      0.116      0.826      0.818      0.822      0.905 
94    0.77028       3728        830         24        108      0.115      0.818      0.818      0.818      0.903 
95     0.7581       3733        825         19        113      0.120      0.856      0.820      0.838      0.913 
96    0.74319       3732        826         20        112      0.119      0.848      0.820      0.834      0.915 
97    0.73389       3727        831         25        107      0.114      0.811      0.817      0.814      0.908 
98    0.75248       3733        825         19        113      0.120      0.856      0.820      0.838      0.915 
99    0.73408       3730        828         22        110      0.117      0.833      0.819      0.826      0.912 
100    0.73714       3730        828         22        110      0.117      0.833      0.819      0.826      0.907 
101      0.765       3733        825         19        113      0.120      0.856      0.820      0.838      0.916 
102    0.72726       3734        824         18        114      0.122      0.864      0.820      0.841      0.918 
103    0.73648       3725        833         27        105      0.112      0.795      0.817      0.806      0.903 
104    0.74432       3732        826         20        112      0.119      0.848      0.820      0.834      0.917 
105    0.76475       3735        823         17        115      0.123      0.871      0.821      0.845      0.917 
106    0.71065       3723        835         29        103      0.110      0.780      0.816      0.799      0.900 
107    0.73032       3726        832         26        106      0.113      0.803      0.817      0.810      0.905 
108    0.71647       3732        826         20        112      0.119      0.848      0.820      0.834      0.915 
109    0.69892       3733        825         19        113      0.120      0.856      0.820      0.838      0.917 
110    0.70361       3736        822         16        116      0.124      0.879      0.821      0.849      0.922 
111    0.74675       3732        826         20        112      0.119      0.848      0.820      0.834      0.919 
112    0.69521       3735        823         17        115      0.123      0.871      0.821      0.845      0.921 
113    0.73482       3734        824         18        114      0.122      0.864      0.820      0.841      0.920 
114    0.71648       3721        837         31        101      0.108      0.765      0.815      0.791      0.888 
115     0.7473       3736        822         16        116      0.124      0.879      0.821      0.849      0.923 
116    0.73212       3735        823         17        115      0.123      0.871      0.821      0.845      0.920 
117    0.74931       3738        820         14        118      0.126      0.894      0.822      0.857      0.925 
118    0.74843       3734        824         18        114      0.122      0.864      0.820      0.841      0.919 
119    0.74077       3737        821         15        117      0.125      0.886      0.822      0.853      0.925 
120    0.71972       3739        819         13        119      0.127      0.902      0.823      0.861      0.925 
121    0.73875       3722        836         30        102      0.109      0.773      0.815      0.795      0.893 
122    0.73466       3736        822         16        116      0.124      0.879      0.821      0.849      0.924 
123    0.72055       3735        823         17        115      0.123      0.871      0.821      0.845      0.919 
124    0.69415       3735        823         17        115      0.123      0.871      0.821      0.845      0.921 
125    0.70586       3737        821         15        117      0.125      0.886      0.822      0.853      0.923 
126    0.72368       3735        823         17        115      0.123      0.871      0.821      0.845      0.924 
127    0.72684       3733        825         19        113      0.120      0.856      0.820      0.838      0.914 
128    0.72334       3735        823         17        115      0.123      0.871      0.821      0.845      0.925 
129    0.73043       3728        830         23        109      0.116      0.826      0.818      0.822      0.914 
130    0.69511       3727        831         25        107      0.114      0.811      0.817      0.814      0.910 
131    0.69928       3734        824         18        114      0.122      0.864      0.820      0.841      0.921 
132    0.70017       3734        824         18        114      0.122      0.864      0.820      0.841      0.923 
133    0.66616       3732        826         20        112      0.119      0.848      0.820      0.834      0.919 
134    0.70195       3737        821         15        117      0.125      0.886      0.822      0.853      0.928 
135    0.71569       3737        821         15        117      0.125      0.886      0.822      0.853      0.929 
136    0.73305       3737        821         15        117      0.125      0.886      0.822      0.853      0.929 
137    0.66301       3737        821         15        117      0.125      0.886      0.822      0.853      0.925 
138    0.69261       3738        820         14        118      0.126      0.894      0.822      0.857      0.929 
139     0.6871       3740        818         12        120      0.128      0.909      0.823      0.865      0.930 
140    0.68521       3740        818         12        120      0.128      0.909      0.823      0.865      0.930 
141    0.70432       3733        825         19        113      0.120      0.856      0.820      0.838      0.919 
142    0.68037       3739        819         13        119      0.127      0.902      0.823      0.861      0.929 
143    0.67146       3739        819         13        119      0.127      0.902      0.823      0.861      0.932 
144    0.64652       3738        820         14        118      0.126      0.894      0.822      0.857      0.928 
145    0.68268       3742        816         10        122      0.130      0.924      0.824      0.873      0.932 
146    0.67827       3741        817         11        121      0.129      0.917      0.823      0.869      0.935 
147    0.67599       3740        818         12        120      0.128      0.909      0.823      0.865      0.935 
148    0.64794       3742        816         10        122      0.130      0.924      0.824      0.873      0.935 
149    0.66435       3742        816         10        122      0.130      0.924      0.824      0.873      0.935 
150     0.6646       3741        817         11        121      0.129      0.917      0.823      0.869      0.936 
151    0.69068       3737        821         15        117      0.125      0.886      0.822      0.853      0.925 
152    0.66666       3741        817         11        121      0.129      0.917      0.823      0.869      0.933 
153    0.70473       3738        820         14        118      0.126      0.894      0.822      0.857      0.933 
154    0.66877       3743        815          9        123      0.131      0.932      0.824      0.877      0.939 
155    0.67003       3742        816         10        122      0.130      0.924      0.824      0.873      0.937 
156    0.69238       3728        830         24        108      0.115      0.818      0.818      0.818      0.911 
157    0.65358       3741        817         11        121      0.129      0.917      0.823      0.869      0.936 
158    0.64999       3740        818         11        121      0.129      0.917      0.823      0.869      0.930 
159    0.66723       3739        819         13        119      0.127      0.902      0.823      0.861      0.936 
160    0.66241       3742        816         10        122      0.130      0.924      0.824      0.873      0.936 
161    0.64771       3740        818         12        120      0.128      0.909      0.823      0.865      0.934 
162     0.7252       3742        816         10        122      0.130      0.924      0.824      0.873      0.937 
163    0.63922       3735        823         17        115      0.123      0.871      0.821      0.845      0.929 
164    0.65289       3741        817         11        121      0.129      0.917      0.823      0.869      0.936 
165    0.64508       3742        816         10        122      0.130      0.924      0.824      0.873      0.941 
166    0.65211       3740        818         12        120      0.128      0.909      0.823      0.865      0.937 
167    0.66483       3740        818         12        120      0.128      0.909      0.823      0.865      0.939 
168     0.6875       3741        817         11        121      0.129      0.917      0.823      0.869      0.935 
169    0.65437       3741        817         11        121      0.129      0.917      0.823      0.869      0.932 
170    0.65511       3698        860          7        125      0.127      0.947      0.815      0.879      0.943 
171     0.6534       3743        815          9        123      0.131      0.932      0.824      0.877      0.944 
172    0.61634       3742        816         10        122      0.130      0.924      0.824      0.873      0.934 
173     0.6709       3741        817         11        121      0.129      0.917      0.823      0.869      0.939 
174    0.62978       3740        818         12        120      0.128      0.909      0.823      0.865      0.940 
175    0.63816       3742        816         10        122      0.130      0.924      0.824      0.873      0.935 
176     0.6455       3742        816         10        122      0.130      0.924      0.824      0.873      0.939 
177    0.64605       3738        820         14        118      0.126      0.894      0.822      0.857      0.937 
178    0.66679       3731        827         21        111      0.118      0.841      0.819      0.830      0.909 
179    0.77006       3733        825         19        113      0.120      0.856      0.820      0.838      0.911 
180    0.68964       3731        827         21        111      0.118      0.841      0.819      0.830      0.904 
181    0.72949       3731        827         21        111      0.118      0.841      0.819      0.830      0.909 
182    0.71143       3734        824         18        114      0.122      0.864      0.820      0.841      0.918 
183    0.70686       3735        823         17        115      0.123      0.871      0.821      0.845      0.921 
184    0.71973       3729        829         23        109      0.116      0.826      0.818      0.822      0.921 
185    0.67248       3729        829         23        109      0.116      0.826      0.818      0.822      0.912 
186    0.70008       3736        822         16        116      0.124      0.879      0.821      0.849      0.928 
187    0.65907       3739        819         13        119      0.127      0.902      0.823      0.861      0.930 
188    0.71595       3726        832         12        120      0.126      0.909      0.820      0.863      0.933 
189    0.66953       3731        827         21        111      0.118      0.841      0.819      0.830      0.920 
190    0.68735       3731        827         21        111      0.118      0.841      0.819      0.830      0.913 
191    0.68353       3725        833         12        120      0.126      0.909      0.820      0.863      0.933 
192    0.64897       3739        819         13        119      0.127      0.902      0.823      0.861      0.929 
193    0.66374       3728        830         12        120      0.126      0.909      0.820      0.863      0.934 
194    0.62942       3735        823         17        115      0.123      0.871      0.821      0.845      0.932 
195    0.65571       3730        828         13        119      0.126      0.902      0.821      0.860      0.937 
196    0.64712       3681        877         10        122      0.122      0.924      0.811      0.866      0.937 
197    0.63204       3676        882          8        124      0.123      0.939      0.810      0.873      0.939 
198    0.64962       3713        845          8        124      0.128      0.939      0.818      0.877      0.942 
199    0.63824       3688        870          8        124      0.125      0.939      0.813      0.874      0.942 
200    0.61817       3650        908          8        124      0.120      0.939      0.805      0.870      0.937 
201    0.63098       3737        821         15        117      0.125      0.886      0.822      0.853      0.931 
202     0.6155       3730        828         22        110      0.117      0.833      0.819      0.826      0.918 
203    0.61409       3729        829         10        122      0.128      0.924      0.821      0.871      0.939 
204    0.62504       3743        815          9        123      0.131      0.932      0.824      0.877      0.939 
205    0.60542       3743        815          9        123      0.131      0.932      0.824      0.877      0.945 
206    0.63447       3711        847          8        124      0.128      0.939      0.818      0.877      0.946 
207    0.61048       3743        815          9        123      0.131      0.932      0.824      0.877      0.943 
208    0.59401       3742        816         10        122      0.130      0.924      0.824      0.873      0.945 
209    0.62098       3742        816         10        122      0.130      0.924      0.824      0.873      0.947 
210     0.6083       3731        827          8        124      0.130      0.939      0.822      0.879      0.947 
211    0.58402       3744        814          8        124      0.132      0.939      0.825      0.880      0.943 
212    0.59775       3744        814          8        124      0.132      0.939      0.825      0.880      0.947 
213    0.58779       3741        817         11        121      0.129      0.917      0.823      0.869      0.945 
214    0.59982       3719        839          7        125      0.130      0.947      0.820      0.881      0.946 
215     0.6088       3744        814          8        124      0.132      0.939      0.825      0.880      0.947 
216    0.59164       3735        823         17        115      0.123      0.871      0.821      0.845      0.935 
217    0.62057       3740        818         12        120      0.128      0.909      0.823      0.865      0.946 
218    0.57577       3691        867          9        123      0.124      0.932      0.813      0.871      0.945 
219    0.59552       3735        823          8        124      0.131      0.939      0.823      0.879      0.948 
220    0.59068       3746        812          6        126      0.134      0.955      0.826      0.888      0.949 
221     0.5892       3743        815          9        123      0.131      0.932      0.824      0.877      0.942 
222     0.6519       3745        813          7        125      0.133      0.947      0.825      0.884      0.952 
223    0.59703       3734        824          7        125      0.132      0.947      0.823      0.883      0.951 
224    0.60293       3741        817         11        121      0.129      0.917      0.823      0.869      0.940 
225    0.59867       3646        912          6        126      0.121      0.955      0.804      0.877      0.947 
226    0.61292       3746        812          6        126      0.134      0.955      0.826      0.888      0.953 
227    0.60738       3747        811          5        127      0.135      0.962      0.826      0.892      0.954 
228     0.5987       3740        818         12        120      0.128      0.909      0.823      0.865      0.940 
229    0.58335       3648        910          8        124      0.120      0.939      0.804      0.870      0.942 
230    0.60255       3742        816         10        122      0.130      0.924      0.824      0.873      0.948 
231    0.60114       3737        821         15        117      0.125      0.886      0.822      0.853      0.934 
232    0.59066       3742        816         10        122      0.130      0.924      0.824      0.873      0.948 
233    0.58012       3743        815          9        123      0.131      0.932      0.824      0.877      0.948 
234     0.6089       3739        819         13        119      0.127      0.902      0.823      0.861      0.943 
235    0.56821       3745        813          7        125      0.133      0.947      0.825      0.884      0.950 
236    0.56414       3722        836          9        123      0.128      0.932      0.820      0.874      0.942 
237    0.63913       3745        813          7        125      0.133      0.947      0.825      0.884      0.950 
238    0.61516       3743        815          9        123      0.131      0.932      0.824      0.877      0.952 
239    0.59106       3700        858          8        124      0.126      0.939      0.815      0.876      0.949 
240    0.57064       3687        871          8        124      0.125      0.939      0.813      0.874      0.948 
241    0.62367       3740        818         12        120      0.128      0.909      0.823      0.865      0.946 
242    0.57797       3735        823         17        115      0.123      0.871      0.821      0.845      0.936 
243    0.62389       3727        831          8        124      0.130      0.939      0.821      0.879      0.951 
244    0.57571       3679        879          9        123      0.123      0.932      0.811      0.869      0.947 
245     0.5852       3740        818          6        126      0.133      0.955      0.824      0.888      0.953 
246    0.57671       3747        811          5        127      0.135      0.962      0.826      0.892      0.955 
247    0.55624       3744        814          8        124      0.132      0.939      0.825      0.880      0.947 
248    0.58051       3741        817         11        121      0.129      0.917      0.823      0.869      0.937 
249     0.5515       3743        815          9        123      0.131      0.932      0.824      0.877      0.947 
250     0.5854       3747        811          5        127      0.135      0.962      0.826      0.892      0.957 
251    0.55713       3747        811          5        127      0.135      0.962      0.826      0.892      0.957 
252    0.53484       3745        813          7        125      0.133      0.947      0.825      0.884      0.954 
253    0.58389       3747        811          5        127      0.135      0.962      0.826      0.892      0.957 
254    0.54974       3747        811          5        127      0.135      0.962      0.826      0.892      0.953 
255    0.56645       3744        814          8        124      0.132      0.939      0.825      0.880      0.951 
256    0.53906       3745        813          7        125      0.133      0.947      0.825      0.884      0.953 
257    0.54215       3747        811          5        127      0.135      0.962      0.826      0.892      0.956 
258    0.55081       3746        812          6        126      0.134      0.955      0.826      0.888      0.956 
259    0.54308       3746        812          6        126      0.134      0.955      0.826      0.888      0.951 
260    0.52297       3746        812          6        126      0.134      0.955      0.826      0.888      0.954 
261    0.54884       3748        810          4        128      0.136      0.970      0.826      0.896      0.957 
262    0.53879       3747        811          5        127      0.135      0.962      0.826      0.892      0.958 
263    0.52888       3730        828          5        127      0.133      0.962      0.822      0.890      0.950 
264    0.53953       3746        812          6        126      0.134      0.955      0.826      0.888      0.957 
265    0.51657       3745        813          7        125      0.133      0.947      0.825      0.884      0.953 
266    0.54997       3748        810          4        128      0.136      0.970      0.826      0.896      0.956 
267     0.5429       3747        811          5        127      0.135      0.962      0.826      0.892      0.958 
268    0.54579       3742        816         10        122      0.130      0.924      0.824      0.873      0.946 
269    0.52238       3737        821         15        117      0.125      0.886      0.822      0.853      0.941 
270    0.53074       3742        816         10        122      0.130      0.924      0.824      0.873      0.946 
271    0.52728       3742        816         10        122      0.130      0.924      0.824      0.873      0.952 
272    0.52979       3747        811          5        127      0.135      0.962      0.826      0.892      0.960 
273    0.53533       3701        857          3        129      0.131      0.977      0.817      0.895      0.959 
274    0.51753       3749        809          3        129      0.138      0.977      0.827      0.900      0.959 
275    0.52369       3742        816         10        122      0.130      0.924      0.824      0.873      0.949 
276     0.5507       3747        811          5        127      0.135      0.962      0.826      0.892      0.960 
277    0.52451       3747        811          5        127      0.135      0.962      0.826      0.892      0.959 
278     0.5277       3748        810          4        128      0.136      0.970      0.826      0.896      0.960 
279    0.53105       3749        809          3        129      0.138      0.977      0.827      0.900      0.962 
280    0.49643       3748        810          4        128      0.136      0.970      0.826      0.896      0.958 
281    0.53545       3748        810          4        128      0.136      0.970      0.826      0.896      0.959 
282    0.50622       3742        816         10        122      0.130      0.924      0.824      0.873      0.943 
283    0.53037       3750        808          2        130      0.139      0.985      0.827      0.904      0.963 
284    0.50921       3749        809          3        129      0.138      0.977      0.827      0.900      0.960 
285    0.51772       3748        810          4        128      0.136      0.970      0.826      0.896      0.957 
286     0.5154       3745        813          7        125      0.133      0.947      0.825      0.884      0.955 
287    0.52183       3748        810          4        128      0.136      0.970      0.826      0.896      0.963 
288     0.4955       3747        811          5        127      0.135      0.962      0.826      0.892      0.961 
289    0.51494       3746        812          6        126      0.134      0.955      0.826      0.888      0.953 
290    0.51461       3749        809          3        129      0.138      0.977      0.827      0.900      0.963 
291    0.50369       3738        820          4        128      0.135      0.970      0.824      0.895      0.955 
292    0.53946       3751        807          1        131      0.140      0.992      0.828      0.908      0.961 
293    0.54509       3747        811          5        127      0.135      0.962      0.826      0.892      0.959 
294    0.51632       3746        812          6        126      0.134      0.955      0.826      0.888      0.954 
295    0.53381       3746        812          6        126      0.134      0.955      0.826      0.888      0.955 
296    0.53843       3751        807          1        131      0.140      0.992      0.828      0.908      0.963 
297    0.53285       3747        811          5        127      0.135      0.962      0.826      0.892      0.957 
298    0.48849       3677        881          5        127      0.126      0.962      0.811      0.884      0.950 
299    0.53738       3746        812          6        126      0.134      0.955      0.826      0.888      0.960 
300    0.52763       3750        808          2        130      0.139      0.985      0.827      0.904      0.961 
