# Number of nodes=5863; Number of edges=33322; Number of node features=5; Model: gcn2.
epoch       loss         tn         fp         fn         tp       prec        rec        acc       bacc        auc 
1     1.5308       3687        871         65         67      0.071      0.508      0.800      0.658      0.729 
2     1.6524       3685        873         67         65      0.069      0.492      0.800      0.650      0.708 
3     1.3778       3652        906        100         32      0.034      0.242      0.786      0.522      0.536 
4     1.3967       3659        899         93         39      0.042      0.295      0.788      0.549      0.567 
5     1.3599       3677        881         75         57      0.061      0.432      0.796      0.619      0.691 
6     1.2759       3700        858         52         80      0.085      0.606      0.806      0.709      0.774 
7     1.2482       3706        852         46         86      0.092      0.652      0.809      0.732      0.798 
8     1.2619       3706        852         46         86      0.092      0.652      0.809      0.732      0.807 
9     1.2426       3706        852         46         86      0.092      0.652      0.809      0.732      0.807 
10     1.2182       3699        859         53         79      0.084      0.598      0.806      0.705      0.799 
11     1.1642       3694        864         58         74      0.079      0.561      0.803      0.686      0.779 
12     1.1696       3693        865         59         73      0.078      0.553      0.803      0.682      0.762 
13      1.194       3694        864         58         74      0.079      0.561      0.803      0.686      0.772 
14     1.1597       3697        861         55         77      0.082      0.583      0.805      0.697      0.795 
15     1.1633       3706        852         46         86      0.092      0.652      0.809      0.732      0.819 
16     1.1369       3709        849         43         89      0.095      0.674      0.810      0.744      0.833 
17     1.1023       3711        847         41         91      0.097      0.689      0.811      0.752      0.839 
18     1.1153       3710        848         42         90      0.096      0.682      0.810      0.748      0.842 
19      1.114       3711        847         41         91      0.097      0.689      0.811      0.752      0.842 
20     1.0933       3712        846         40         92      0.098      0.697      0.811      0.756      0.838 
21     1.0736       3712        846         40         92      0.098      0.697      0.811      0.756      0.833 
22     1.1078       3711        847         41         91      0.097      0.689      0.811      0.752      0.833 
23     1.0438       3712        846         40         92      0.098      0.697      0.811      0.756      0.838 
24     1.0575       3714        844         38         94      0.100      0.712      0.812      0.763      0.844 
25     1.0435       3714        844         38         94      0.100      0.712      0.812      0.763      0.849 
26     1.0526       3714        844         38         94      0.100      0.712      0.812      0.763      0.851 
27     1.0394       3713        845         39         93      0.099      0.705      0.812      0.760      0.850 
28     1.0449       3713        845         39         93      0.099      0.705      0.812      0.760      0.847 
29     1.0358       3710        848         42         90      0.096      0.682      0.810      0.748      0.844 
30     1.0041       3713        845         39         93      0.099      0.705      0.812      0.760      0.844 
31     1.0524       3715        843         37         95      0.101      0.720      0.812      0.767      0.848 
32    0.97825       3714        844         38         94      0.100      0.712      0.812      0.763      0.851 
33     1.0015       3714        844         38         94      0.100      0.712      0.812      0.763      0.853 
34    0.97762       3713        845         39         93      0.099      0.705      0.812      0.760      0.852 
35    0.99833       3714        844         38         94      0.100      0.712      0.812      0.763      0.850 
36    0.98589       3714        844         38         94      0.100      0.712      0.812      0.763      0.848 
37      1.018       3714        844         38         94      0.100      0.712      0.812      0.763      0.851 
38     1.0099       3716        842         36         96      0.102      0.727      0.813      0.771      0.856 
39    0.98254       3718        840         34         98      0.104      0.742      0.814      0.779      0.858 
40      1.045       3718        840         34         98      0.104      0.742      0.814      0.779      0.859 
41    0.96744       3717        841         35         97      0.103      0.735      0.813      0.775      0.857 
42    0.98264       3715        843         37         95      0.101      0.720      0.812      0.767      0.851 
43     1.0061       3715        843         37         95      0.101      0.720      0.812      0.767      0.854 
44    0.99413       3715        843         37         95      0.101      0.720      0.812      0.767      0.859 
45     1.0029       3717        841         35         97      0.103      0.735      0.813      0.775      0.862 
46    0.98536       3718        840         34         98      0.104      0.742      0.814      0.779      0.862 
47    0.98107       3717        841         35         97      0.103      0.735      0.813      0.775      0.859 
48    0.94849       3715        843         37         95      0.101      0.720      0.812      0.767      0.856 
49    0.99443       3715        843         37         95      0.101      0.720      0.812      0.767      0.859 
50    0.95323       3718        840         34         98      0.104      0.742      0.814      0.779      0.862 
51    0.99493       3718        840         34         98      0.104      0.742      0.814      0.779      0.865 
52    0.95096       3718        840         34         98      0.104      0.742      0.814      0.779      0.865 
53    0.96023       3717        841         35         97      0.103      0.735      0.813      0.775      0.863 
54    0.94776       3717        841         35         97      0.103      0.735      0.813      0.775      0.863 
55    0.94234       3717        841         35         97      0.103      0.735      0.813      0.775      0.863 
56    0.94524       3716        842         36         96      0.102      0.727      0.813      0.771      0.864 
57    0.94849       3717        841         35         97      0.103      0.735      0.813      0.775      0.866 
58    0.94503       3718        840         34         98      0.104      0.742      0.814      0.779      0.867 
59    0.94153       3718        840         34         98      0.104      0.742      0.814      0.779      0.867 
60    0.95799       3720        838         32        100      0.107      0.758      0.814      0.787      0.867 
61    0.93169       3720        838         32        100      0.107      0.758      0.814      0.787      0.867 
62    0.95178       3720        838         32        100      0.107      0.758      0.814      0.787      0.869 
63    0.97113       3722        836         30        102      0.109      0.773      0.815      0.795      0.871 
64    0.95076       3721        837         31        101      0.108      0.765      0.815      0.791      0.872 
65    0.96335       3721        837         31        101      0.108      0.765      0.815      0.791      0.872 
66     0.9763       3719        839         33         99      0.106      0.750      0.814      0.783      0.871 
67    0.92294       3718        840         34         98      0.104      0.742      0.814      0.779      0.871 
68    0.96652       3718        840         34         98      0.104      0.742      0.814      0.779      0.871 
69    0.92545       3719        839         33         99      0.106      0.750      0.814      0.783      0.872 
70     0.9305       3719        839         33         99      0.106      0.750      0.814      0.783      0.873 
71    0.92494       3719        839         33         99      0.106      0.750      0.814      0.783      0.873 
72    0.90165       3718        840         34         98      0.104      0.742      0.814      0.779      0.873 
73    0.95152       3720        838         32        100      0.107      0.758      0.814      0.787      0.876 
74    0.91991       3721        837         31        101      0.108      0.765      0.815      0.791      0.878 
75    0.87639       3723        835         29        103      0.110      0.780      0.816      0.799      0.878 
76    0.87975       3722        836         30        102      0.109      0.773      0.815      0.795      0.878 
77    0.97397       3722        836         30        102      0.109      0.773      0.815      0.795      0.878 
78     0.9181       3720        838         32        100      0.107      0.758      0.814      0.787      0.878 
79    0.91954       3721        837         31        101      0.108      0.765      0.815      0.791      0.875 
80    0.88624       3720        838         32        100      0.107      0.758      0.814      0.787      0.871 
81     0.9263       3720        838         32        100      0.107      0.758      0.814      0.787      0.871 
82    0.91665       3720        838         32        100      0.107      0.758      0.814      0.787      0.877 
83    0.87916       3722        836         30        102      0.109      0.773      0.815      0.795      0.880 
84    0.93838       3723        835         29        103      0.110      0.780      0.816      0.799      0.881 
85    0.91048       3724        834         28        104      0.111      0.788      0.816      0.802      0.880 
86    0.91185       3723        835         29        103      0.110      0.780      0.816      0.799      0.879 
87    0.86838       3721        837         31        101      0.108      0.765      0.815      0.791      0.878 
88    0.89682       3720        838         32        100      0.107      0.758      0.814      0.787      0.878 
89    0.89641       3720        838         32        100      0.107      0.758      0.814      0.787      0.878 
90     0.8916       3720        838         32        100      0.107      0.758      0.814      0.787      0.879 
91    0.89984       3722        836         30        102      0.109      0.773      0.815      0.795      0.880 
92     0.9006       3723        835         29        103      0.110      0.780      0.816      0.799      0.882 
93    0.89692       3724        834         28        104      0.111      0.788      0.816      0.802      0.884 
94     0.9176       3723        835         29        103      0.110      0.780      0.816      0.799      0.885 
95    0.87411       3724        834         28        104      0.111      0.788      0.816      0.802      0.885 
96    0.90923       3722        836         30        102      0.109      0.773      0.815      0.795      0.885 
97    0.89637       3723        835         29        103      0.110      0.780      0.816      0.799      0.885 
98     0.8988       3723        835         29        103      0.110      0.780      0.816      0.799      0.884 
99    0.91138       3723        835         29        103      0.110      0.780      0.816      0.799      0.883 
100    0.88076       3723        835         29        103      0.110      0.780      0.816      0.799      0.882 
101    0.87985       3723        835         29        103      0.110      0.780      0.816      0.799      0.882 
102    0.88956       3723        835         29        103      0.110      0.780      0.816      0.799      0.882 
103    0.90001       3723        835         29        103      0.110      0.780      0.816      0.799      0.884 
104    0.91028       3722        836         30        102      0.109      0.773      0.815      0.795      0.887 
105    0.87828       3724        834         28        104      0.111      0.788      0.816      0.802      0.889 
106    0.88581       3724        834         28        104      0.111      0.788      0.816      0.802      0.889 
107    0.88421       3725        833         27        105      0.112      0.795      0.817      0.806      0.889 
108    0.83861       3726        832         26        106      0.113      0.803      0.817      0.810      0.888 
109    0.90986       3726        832         26        106      0.113      0.803      0.817      0.810      0.888 
110    0.86474       3728        830         24        108      0.115      0.818      0.818      0.818      0.889 
111    0.83908       3727        831         25        107      0.114      0.811      0.817      0.814      0.889 
112    0.84621       3727        831         25        107      0.114      0.811      0.817      0.814      0.890 
113    0.87628       3727        831         25        107      0.114      0.811      0.817      0.814      0.891 
114    0.87086       3728        830         24        108      0.115      0.818      0.818      0.818      0.892 
115    0.83124       3728        830         24        108      0.115      0.818      0.818      0.818      0.892 
116    0.88739       3727        831         25        107      0.114      0.811      0.817      0.814      0.891 
117    0.87856       3724        834         28        104      0.111      0.788      0.816      0.802      0.891 
118    0.83808       3724        834         28        104      0.111      0.788      0.816      0.802      0.891 
119     0.8693       3725        833         27        105      0.112      0.795      0.817      0.806      0.892 
120    0.90683       3726        832         26        106      0.113      0.803      0.817      0.810      0.893 
121    0.87552       3726        832         26        106      0.113      0.803      0.817      0.810      0.894 
122    0.91032       3726        832         26        106      0.113      0.803      0.817      0.810      0.895 
123    0.85058       3727        831         25        107      0.114      0.811      0.817      0.814      0.895 
124    0.86255       3725        833         27        105      0.112      0.795      0.817      0.806      0.894 
125    0.87283       3726        832         26        106      0.113      0.803      0.817      0.810      0.893 
126    0.84318       3726        832         26        106      0.113      0.803      0.817      0.810      0.892 
127    0.83457       3725        833         27        105      0.112      0.795      0.817      0.806      0.891 
128    0.87835       3728        830         24        108      0.115      0.818      0.818      0.818      0.893 
129    0.82953       3730        828         22        110      0.117      0.833      0.819      0.826      0.894 
130    0.85476       3728        830         24        108      0.115      0.818      0.818      0.818      0.896 
131    0.87386       3728        830         24        108      0.115      0.818      0.818      0.818      0.897 
132    0.82891       3728        830         24        108      0.115      0.818      0.818      0.818      0.898 
133    0.85751       3727        831         25        107      0.114      0.811      0.817      0.814      0.898 
134    0.84395       3726        832         26        106      0.113      0.803      0.817      0.810      0.897 
135    0.86913       3727        831         25        107      0.114      0.811      0.817      0.814      0.894 
136    0.87427       3725        833         27        105      0.112      0.795      0.817      0.806      0.891 
137    0.85575       3724        834         28        104      0.111      0.788      0.816      0.802      0.890 
138    0.88897       3724        834         28        104      0.111      0.788      0.816      0.802      0.892 
139    0.86323       3728        830         24        108      0.115      0.818      0.818      0.818      0.896 
140     0.8559       3727        831         25        107      0.114      0.811      0.817      0.814      0.898 
141    0.88293       3728        830         24        108      0.115      0.818      0.818      0.818      0.898 
142    0.84905       3725        833         27        105      0.112      0.795      0.817      0.806      0.897 
143    0.85449       3726        832         26        106      0.113      0.803      0.817      0.810      0.895 
144    0.90661       3726        832         26        106      0.113      0.803      0.817      0.810      0.899 
145    0.86153       3727        831         25        107      0.114      0.811      0.817      0.814      0.898 
146    0.89015       3729        829         23        109      0.116      0.826      0.818      0.822      0.896 
147    0.84421       3727        831         25        107      0.114      0.811      0.817      0.814      0.893 
148     0.8687       3727        831         25        107      0.114      0.811      0.817      0.814      0.893 
149    0.85953       3728        830         24        108      0.115      0.818      0.818      0.818      0.896 
150    0.81474       3727        831         25        107      0.114      0.811      0.817      0.814      0.898 
151    0.83059       3725        833         27        105      0.112      0.795      0.817      0.806      0.899 
152    0.83417       3723        835         29        103      0.110      0.780      0.816      0.799      0.899 
153    0.86124       3724        834         28        104      0.111      0.788      0.816      0.802      0.899 
154    0.87233       3724        834         28        104      0.111      0.788      0.816      0.802      0.900 
155    0.82535       3728        830         24        108      0.115      0.818      0.818      0.818      0.900 
156    0.81557       3728        830         24        108      0.115      0.818      0.818      0.818      0.900 
157    0.81195       3728        830         24        108      0.115      0.818      0.818      0.818      0.899 
158     0.8552       3728        830         24        108      0.115      0.818      0.818      0.818      0.899 
159     0.7932       3728        830         24        108      0.115      0.818      0.818      0.818      0.899 
160    0.85697       3728        830         24        108      0.115      0.818      0.818      0.818      0.899 
161    0.83435       3728        830         24        108      0.115      0.818      0.818      0.818      0.900 
162    0.82686       3727        831         25        107      0.114      0.811      0.817      0.814      0.900 
163    0.86499       3726        832         26        106      0.113      0.803      0.817      0.810      0.901 
164    0.82525       3725        833         27        105      0.112      0.795      0.817      0.806      0.901 
165    0.82308       3726        832         26        106      0.113      0.803      0.817      0.810      0.901 
166    0.86887       3725        833         27        105      0.112      0.795      0.817      0.806      0.902 
167     0.7971       3726        832         26        106      0.113      0.803      0.817      0.810      0.902 
168    0.81574       3726        832         26        106      0.113      0.803      0.817      0.810      0.902 
169    0.84592       3727        831         25        107      0.114      0.811      0.817      0.814      0.901 
170    0.86627       3727        831         25        107      0.114      0.811      0.817      0.814      0.901 
171    0.80622       3726        832         26        106      0.113      0.803      0.817      0.810      0.901 
172    0.78926       3726        832         26        106      0.113      0.803      0.817      0.810      0.902 
173    0.83827       3724        834         28        104      0.111      0.788      0.816      0.802      0.902 
174    0.81277       3724        834         28        104      0.111      0.788      0.816      0.802      0.903 
175    0.82135       3724        834         28        104      0.111      0.788      0.816      0.802      0.903 
176    0.78728       3725        833         27        105      0.112      0.795      0.817      0.806      0.904 
177     0.8045       3725        833         27        105      0.112      0.795      0.817      0.806      0.904 
178    0.82962       3725        833         27        105      0.112      0.795      0.817      0.806      0.904 
179    0.78858       3727        831         25        107      0.114      0.811      0.817      0.814      0.904 
180    0.79785       3729        829         23        109      0.116      0.826      0.818      0.822      0.904 
181    0.82717       3726        832         26        106      0.113      0.803      0.817      0.810      0.904 
182    0.82581       3726        832         26        106      0.113      0.803      0.817      0.810      0.904 
183    0.83973       3728        830         24        108      0.115      0.818      0.818      0.818      0.904 
184    0.78633       3727        831         25        107      0.114      0.811      0.817      0.814      0.904 
185    0.81696       3727        831         25        107      0.114      0.811      0.817      0.814      0.905 
186    0.83885       3726        832         26        106      0.113      0.803      0.817      0.810      0.905 
187     0.8267       3727        831         25        107      0.114      0.811      0.817      0.814      0.905 
188    0.84297       3726        832         26        106      0.113      0.803      0.817      0.810      0.905 
189    0.83312       3727        831         25        107      0.114      0.811      0.817      0.814      0.905 
190    0.83788       3728        830         24        108      0.115      0.818      0.818      0.818      0.905 
191     0.8097       3728        830         24        108      0.115      0.818      0.818      0.818      0.904 
192     0.8262       3731        827         21        111      0.118      0.841      0.819      0.830      0.903 
193    0.81696       3729        829         23        109      0.116      0.826      0.818      0.822      0.903 
194    0.80903       3728        830         24        108      0.115      0.818      0.818      0.818      0.904 
195    0.79921       3729        829         23        109      0.116      0.826      0.818      0.822      0.905 
196    0.83138       3727        831         25        107      0.114      0.811      0.817      0.814      0.906 
197    0.78969       3729        829         23        109      0.116      0.826      0.818      0.822      0.905 
198    0.83086       3728        830         24        108      0.115      0.818      0.818      0.818      0.906 
199    0.82138       3729        829         23        109      0.116      0.826      0.818      0.822      0.906 
200    0.78623       3728        830         24        108      0.115      0.818      0.818      0.818      0.906 
201    0.83036       3727        831         25        107      0.114      0.811      0.817      0.814      0.907 
202    0.78831       3727        831         25        107      0.114      0.811      0.817      0.814      0.906 
203    0.80771       3728        830         24        108      0.115      0.818      0.818      0.818      0.906 
204    0.80183       3728        830         24        108      0.115      0.818      0.818      0.818      0.905 
205    0.79707       3729        829         23        109      0.116      0.826      0.818      0.822      0.905 
206     0.8572       3729        829         23        109      0.116      0.826      0.818      0.822      0.906 
207    0.77342       3727        831         25        107      0.114      0.811      0.817      0.814      0.907 
208    0.81074       3727        831         25        107      0.114      0.811      0.817      0.814      0.907 
209    0.80621       3727        831         25        107      0.114      0.811      0.817      0.814      0.907 
210    0.80848       3728        830         24        108      0.115      0.818      0.818      0.818      0.907 
211    0.85357       3727        831         25        107      0.114      0.811      0.817      0.814      0.908 
212    0.80089       3729        829         23        109      0.116      0.826      0.818      0.822      0.907 
213    0.81725       3729        829         23        109      0.116      0.826      0.818      0.822      0.905 
214    0.78282       3731        827         21        111      0.118      0.841      0.819      0.830      0.904 
215    0.78117       3729        829         23        109      0.116      0.826      0.818      0.822      0.905 
216    0.81527       3731        827         21        111      0.118      0.841      0.819      0.830      0.905 
217    0.83314       3730        828         22        110      0.117      0.833      0.819      0.826      0.907 
218    0.81363       3728        830         24        108      0.115      0.818      0.818      0.818      0.908 
219    0.81261       3728        830         24        108      0.115      0.818      0.818      0.818      0.909 
220    0.79341       3728        830         24        108      0.115      0.818      0.818      0.818      0.908 
221    0.83022       3726        832         26        106      0.113      0.803      0.817      0.810      0.909 
222    0.82316       3726        832         26        106      0.113      0.803      0.817      0.810      0.908 
223    0.81036       3727        831         25        107      0.114      0.811      0.817      0.814      0.908 
224    0.81949       3729        829         23        109      0.116      0.826      0.818      0.822      0.909 
225     0.8003       3730        828         22        110      0.117      0.833      0.819      0.826      0.908 
226    0.80665       3729        829         23        109      0.116      0.826      0.818      0.822      0.908 
227    0.77044       3731        827         21        111      0.118      0.841      0.819      0.830      0.907 
228    0.83359       3733        825         19        113      0.120      0.856      0.820      0.838      0.907 
229    0.81289       3733        825         19        113      0.120      0.856      0.820      0.838      0.908 
230    0.81029       3732        826         20        112      0.119      0.848      0.820      0.834      0.909 
231    0.82438       3730        828         22        110      0.117      0.833      0.819      0.826      0.910 
232    0.81582       3730        828         22        110      0.117      0.833      0.819      0.826      0.910 
233    0.83507       3731        827         21        111      0.118      0.841      0.819      0.830      0.910 
234    0.77918       3728        830         24        108      0.115      0.818      0.818      0.818      0.911 
235    0.79099       3730        828         22        110      0.117      0.833      0.819      0.826      0.910 
236    0.80295       3730        828         22        110      0.117      0.833      0.819      0.826      0.910 
237    0.80003       3731        827         21        111      0.118      0.841      0.819      0.830      0.910 
238    0.78725       3730        828         22        110      0.117      0.833      0.819      0.826      0.909 
239    0.78661       3731        827         21        111      0.118      0.841      0.819      0.830      0.910 
240    0.77904       3732        826         20        112      0.119      0.848      0.820      0.834      0.910 
241    0.82085       3732        826         20        112      0.119      0.848      0.820      0.834      0.910 
242    0.85138       3732        826         20        112      0.119      0.848      0.820      0.834      0.910 
243    0.76341       3730        828         22        110      0.117      0.833      0.819      0.826      0.911 
244    0.77721       3728        830         24        108      0.115      0.818      0.818      0.818      0.912 
245    0.82478       3728        830         24        108      0.115      0.818      0.818      0.818      0.911 
246    0.81237       3728        830         24        108      0.115      0.818      0.818      0.818      0.911 
247    0.75175       3729        829         23        109      0.116      0.826      0.818      0.822      0.911 
248    0.76744       3729        829         23        109      0.116      0.826      0.818      0.822      0.911 
249     0.8194       3730        828         22        110      0.117      0.833      0.819      0.826      0.911 
250    0.75185       3733        825         19        113      0.120      0.856      0.820      0.838      0.910 
251    0.77452       3732        826         20        112      0.119      0.848      0.820      0.834      0.910 
252    0.83364       3731        827         21        111      0.118      0.841      0.819      0.830      0.909 
253      0.792       3731        827         21        111      0.118      0.841      0.819      0.830      0.909 
254    0.82195       3731        827         21        111      0.118      0.841      0.819      0.830      0.911 
255    0.77897       3730        828         22        110      0.117      0.833      0.819      0.826      0.912 
256    0.81032       3731        827         21        111      0.118      0.841      0.819      0.830      0.912 
257    0.77318       3730        828         22        110      0.117      0.833      0.819      0.826      0.912 
258    0.78567       3727        831         25        107      0.114      0.811      0.817      0.814      0.912 
259    0.77844       3727        831         25        107      0.114      0.811      0.817      0.814      0.911 
260     0.8233       3727        831         25        107      0.114      0.811      0.817      0.814      0.910 
261    0.80288       3731        827         21        111      0.118      0.841      0.819      0.830      0.910 
262    0.81139       3731        827         21        111      0.118      0.841      0.819      0.830      0.911 
263    0.79659       3732        826         20        112      0.119      0.848      0.820      0.834      0.911 
264    0.77708       3730        828         22        110      0.117      0.833      0.819      0.826      0.911 
265    0.81318       3730        828         22        110      0.117      0.833      0.819      0.826      0.912 
266    0.77091       3731        827         21        111      0.118      0.841      0.819      0.830      0.913 
267    0.76418       3731        827         21        111      0.118      0.841      0.819      0.830      0.913 
268    0.83774       3730        828         22        110      0.117      0.833      0.819      0.826      0.913 
269    0.76643       3729        829         23        109      0.116      0.826      0.818      0.822      0.913 
270    0.77343       3730        828         22        110      0.117      0.833      0.819      0.826      0.913 
271    0.76809       3731        827         21        111      0.118      0.841      0.819      0.830      0.913 
272    0.80317       3731        827         21        111      0.118      0.841      0.819      0.830      0.913 
273    0.76828       3731        827         21        111      0.118      0.841      0.819      0.830      0.913 
274    0.77153       3730        828         22        110      0.117      0.833      0.819      0.826      0.913 
275    0.76044       3729        829         23        109      0.116      0.826      0.818      0.822      0.913 
276    0.77515       3730        828         22        110      0.117      0.833      0.819      0.826      0.914 
277    0.78811       3730        828         22        110      0.117      0.833      0.819      0.826      0.914 
278    0.82119       3730        828         22        110      0.117      0.833      0.819      0.826      0.914 
279    0.78342       3730        828         22        110      0.117      0.833      0.819      0.826      0.914 
280    0.77818       3729        829         23        109      0.116      0.826      0.818      0.822      0.914 
281    0.78833       3731        827         21        111      0.118      0.841      0.819      0.830      0.914 
282    0.76195       3731        827         21        111      0.118      0.841      0.819      0.830      0.914 
283    0.77488       3732        826         20        112      0.119      0.848      0.820      0.834      0.913 
284    0.76078       3732        826         20        112      0.119      0.848      0.820      0.834      0.913 
285    0.77997       3732        826         20        112      0.119      0.848      0.820      0.834      0.912 
286    0.80861       3733        825         19        113      0.120      0.856      0.820      0.838      0.913 
287    0.76541       3732        826         20        112      0.119      0.848      0.820      0.834      0.913 
288    0.77612       3732        826         20        112      0.119      0.848      0.820      0.834      0.915 
289    0.77836       3732        826         20        112      0.119      0.848      0.820      0.834      0.916 
290    0.77536       3732        826         20        112      0.119      0.848      0.820      0.834      0.916 
291    0.79464       3731        827         21        111      0.118      0.841      0.819      0.830      0.915 
292    0.74662       3733        825         19        113      0.120      0.856      0.820      0.838      0.915 
293    0.78985       3733        825         19        113      0.120      0.856      0.820      0.838      0.915 
294    0.80706       3731        827         21        111      0.118      0.841      0.819      0.830      0.915 
295    0.76175       3732        826         20        112      0.119      0.848      0.820      0.834      0.915 
296    0.75166       3731        827         21        111      0.118      0.841      0.819      0.830      0.914 
297    0.77471       3731        827         21        111      0.118      0.841      0.819      0.830      0.914 
298    0.81618       3731        827         21        111      0.118      0.841      0.819      0.830      0.914 
299    0.77774       3730        828         22        110      0.117      0.833      0.819      0.826      0.914 
300    0.75804       3730        828         22        110      0.117      0.833      0.819      0.826      0.915 
