# Number of nodes=5863; Number of edges=33322; Number of node features=5; Model: hgcn.
epoch       loss         tn         fp         fn         tp       prec        rec        acc       bacc        auc 
1     1.3232       4626       1072         64        101      0.086      0.612      0.806      0.712      0.787 
2     1.2586       4630       1068         60        105      0.090      0.636      0.808      0.724      0.801 
3     1.2607       4630       1068         60        105      0.090      0.636      0.808      0.724      0.801 
4     1.2447       4630       1068         59        106      0.090      0.642      0.808      0.727      0.796 
5     1.2238       4625       1073         65        100      0.085      0.606      0.806      0.709      0.788 
6     1.1999       4623       1075         67         98      0.084      0.594      0.805      0.703      0.781 
7     1.1893       4621       1077         67         98      0.083      0.594      0.805      0.702      0.784 
8     1.1778       4625       1073         65        100      0.085      0.606      0.806      0.709      0.792 
9     1.1589       4625       1073         65        100      0.085      0.606      0.806      0.709      0.798 
10     1.1384       4626       1072         64        101      0.086      0.612      0.806      0.712      0.802 
11     1.1436       4627       1071         63        102      0.087      0.618      0.807      0.715      0.804 
12     1.1254       4626       1072         64        101      0.086      0.612      0.806      0.712      0.804 
13     1.1262       4625       1073         64        101      0.086      0.612      0.806      0.712      0.806 
14     1.1054       4630       1068         60        105      0.090      0.636      0.808      0.724      0.810 
15     1.0747       4630       1068         60        105      0.090      0.636      0.808      0.724      0.816 
16     1.0685       4635       1063         55        110      0.094      0.667      0.809      0.740      0.822 
17     1.0578       4638       1060         52        113      0.096      0.685      0.810      0.749      0.827 
18     1.0532       4639       1059         51        114      0.097      0.691      0.811      0.753      0.831 
19     1.0363       4639       1059         51        114      0.097      0.691      0.811      0.753      0.834 
20      1.041       4642       1056         48        117      0.100      0.709      0.812      0.762      0.838 
21     1.0274       4642       1056         48        117      0.100      0.709      0.812      0.762      0.840 
22     1.0222       4644       1054         46        119      0.101      0.721      0.812      0.768      0.842 
23     1.0415       4645       1053         45        120      0.102      0.727      0.813      0.771      0.844 
24     1.0106       4644       1054         46        119      0.101      0.721      0.812      0.768      0.844 
25     1.0116       4644       1054         46        119      0.101      0.721      0.812      0.768      0.843 
26     1.0181       4645       1053         45        120      0.102      0.727      0.813      0.771      0.844 
27     1.0095       4644       1054         46        119      0.101      0.721      0.812      0.768      0.845 
28     1.0142       4644       1054         46        119      0.101      0.721      0.812      0.768      0.845 
29       1.03       4645       1053         45        120      0.102      0.727      0.813      0.771      0.845 
30     1.0309       4645       1053         45        120      0.102      0.727      0.813      0.771      0.846 
31     0.9752       4646       1052         44        121      0.103      0.733      0.813      0.774      0.847 
32     1.0129       4646       1052         44        121      0.103      0.733      0.813      0.774      0.847 
33     1.0021       4646       1052         44        121      0.103      0.733      0.813      0.774      0.846 
34    0.99446       4645       1053         45        120      0.102      0.727      0.813      0.771      0.846 
35    0.99065       4645       1053         45        120      0.102      0.727      0.813      0.771      0.847 
36    0.99581       4646       1052         44        121      0.103      0.733      0.813      0.774      0.848 
37    0.97696       4644       1054         46        119      0.101      0.721      0.812      0.768      0.848 
38     1.0316       4644       1054         46        119      0.101      0.721      0.812      0.768      0.847 
39    0.97799       4644       1054         46        119      0.101      0.721      0.812      0.768      0.847 
40    0.98043       4645       1053         45        120      0.102      0.727      0.813      0.771      0.848 
41    0.98754       4645       1053         45        120      0.102      0.727      0.813      0.771      0.848 
42    0.98345       4645       1053         45        120      0.102      0.727      0.813      0.771      0.848 
43    0.99312       4645       1053         45        120      0.102      0.727      0.813      0.771      0.848 
44    0.96514       4645       1053         45        120      0.102      0.727      0.813      0.771      0.848 
45    0.96271       4646       1052         44        121      0.103      0.733      0.813      0.774      0.848 
46    0.98181       4647       1051         43        122      0.104      0.739      0.813      0.777      0.849 
47     1.0069       4647       1051         43        122      0.104      0.739      0.813      0.777      0.849 
48    0.97489       4647       1051         43        122      0.104      0.739      0.813      0.777      0.849 
49    0.97144       4647       1051         43        122      0.104      0.739      0.813      0.777      0.849 
50    0.96952       4646       1052         44        121      0.103      0.733      0.813      0.774      0.850 
51    0.98362       4647       1051         43        122      0.104      0.739      0.813      0.777      0.850 
52    0.98459       4648       1050         42        123      0.105      0.745      0.814      0.781      0.851 
53    0.97622       4647       1051         43        122      0.104      0.739      0.813      0.777      0.852 
54    0.94928       4648       1050         42        123      0.105      0.745      0.814      0.781      0.852 
55    0.96177       4649       1049         41        124      0.106      0.752      0.814      0.784      0.852 
56     0.9836       4648       1050         42        123      0.105      0.745      0.814      0.781      0.852 
57    0.96763       4649       1049         41        124      0.106      0.752      0.814      0.784      0.852 
58    0.95958       4648       1050         42        123      0.105      0.745      0.814      0.781      0.853 
59    0.97683       4648       1050         42        123      0.105      0.745      0.814      0.781      0.853 
60    0.97461       4649       1049         41        124      0.106      0.752      0.814      0.784      0.853 
61    0.96118       4648       1050         42        123      0.105      0.745      0.814      0.781      0.853 
62    0.98085       4648       1050         42        123      0.105      0.745      0.814      0.781      0.853 
63    0.96481       4647       1051         43        122      0.104      0.739      0.813      0.777      0.854 
64    0.96323       4646       1052         44        121      0.103      0.733      0.813      0.774      0.855 
65     0.9623       4646       1052         44        121      0.103      0.733      0.813      0.774      0.854 
66    0.95878       4646       1052         44        121      0.103      0.733      0.813      0.774      0.854 
67     1.0048       4647       1051         43        122      0.104      0.739      0.813      0.777      0.854 
68    0.98655       4647       1051         43        122      0.104      0.739      0.813      0.777      0.855 
69    0.96078       4647       1051         43        122      0.104      0.739      0.813      0.777      0.856 
70    0.97429       4646       1052         44        121      0.103      0.733      0.813      0.774      0.856 
71    0.96869       4646       1052         44        121      0.103      0.733      0.813      0.774      0.855 
72    0.96086       4647       1051         43        122      0.104      0.739      0.813      0.777      0.855 
73    0.97695       4647       1051         43        122      0.104      0.739      0.813      0.777      0.856 
74    0.96171       4647       1051         43        122      0.104      0.739      0.813      0.777      0.856 
75    0.97167       4647       1051         43        122      0.104      0.739      0.813      0.777      0.856 
76    0.96654       4647       1051         43        122      0.104      0.739      0.813      0.777      0.856 
77    0.96638       4647       1051         43        122      0.104      0.739      0.813      0.777      0.856 
78    0.96351       4647       1051         43        122      0.104      0.739      0.813      0.777      0.857 
79    0.94805       4647       1051         43        122      0.104      0.739      0.813      0.777      0.857 
80    0.95856       4647       1051         43        122      0.104      0.739      0.813      0.777      0.857 
81    0.95678       4647       1051         43        122      0.104      0.739      0.813      0.777      0.857 
82    0.96662       4647       1051         43        122      0.104      0.739      0.813      0.777      0.857 
83    0.94781       4647       1051         43        122      0.104      0.739      0.813      0.777      0.858 
84    0.92666       4646       1052         44        121      0.103      0.733      0.813      0.774      0.858 
85    0.95567       4646       1052         44        121      0.103      0.733      0.813      0.774      0.859 
86    0.94748       4646       1052         44        121      0.103      0.733      0.813      0.774      0.859 
87    0.95072       4647       1051         43        122      0.104      0.739      0.813      0.777      0.859 
88    0.92079       4647       1051         43        122      0.104      0.739      0.813      0.777      0.860 
89    0.95638       4647       1051         43        122      0.104      0.739      0.813      0.777      0.860 
90    0.95776       4647       1051         43        122      0.104      0.739      0.813      0.777      0.860 
91    0.96062       4646       1052         44        121      0.103      0.733      0.813      0.774      0.861 
92    0.93998       4647       1051         43        122      0.104      0.739      0.813      0.777      0.861 
93    0.94833       4647       1051         43        122      0.104      0.739      0.813      0.777      0.861 
94    0.94733       4647       1051         43        122      0.104      0.739      0.813      0.777      0.861 
95    0.95241       4648       1050         42        123      0.105      0.745      0.814      0.781      0.861 
96    0.94201       4647       1051         43        122      0.104      0.739      0.813      0.777      0.861 
97    0.95337       4646       1052         44        121      0.103      0.733      0.813      0.774      0.861 
98    0.95797       4646       1052         44        121      0.103      0.733      0.813      0.774      0.862 
99    0.94663       4647       1051         43        122      0.104      0.739      0.813      0.777      0.862 
100    0.94389       4646       1052         44        121      0.103      0.733      0.813      0.774      0.863 
101    0.91228       4646       1052         44        121      0.103      0.733      0.813      0.774      0.864 
102    0.94287       4646       1052         44        121      0.103      0.733      0.813      0.774      0.864 
103    0.95682       4646       1052         44        121      0.103      0.733      0.813      0.774      0.864 
104    0.95456       4647       1051         43        122      0.104      0.739      0.813      0.777      0.864 
105    0.95025       4648       1050         42        123      0.105      0.745      0.814      0.781      0.865 
106    0.92214       4649       1049         41        124      0.106      0.752      0.814      0.784      0.865 
107    0.94915       4647       1051         43        122      0.104      0.739      0.813      0.777      0.866 
108    0.94817       4647       1051         43        122      0.104      0.739      0.813      0.777      0.866 
109    0.92252       4647       1051         43        122      0.104      0.739      0.813      0.777      0.865 
110    0.96458       4646       1052         44        121      0.103      0.733      0.813      0.774      0.866 
111    0.94755       4645       1053         45        120      0.102      0.727      0.813      0.771      0.866 
112    0.92312       4645       1053         45        120      0.102      0.727      0.813      0.771      0.866 
113    0.96723       4645       1053         45        120      0.102      0.727      0.813      0.771      0.866 
114    0.93736       4646       1052         44        121      0.103      0.733      0.813      0.774      0.866 
115    0.94927       4645       1053         45        120      0.102      0.727      0.813      0.771      0.866 
116    0.94119       4646       1052         44        121      0.103      0.733      0.813      0.774      0.866 
117    0.93109       4647       1051         43        122      0.104      0.739      0.813      0.777      0.867 
118    0.95325       4647       1051         43        122      0.104      0.739      0.813      0.777      0.866 
119    0.93681       4647       1051         43        122      0.104      0.739      0.813      0.777      0.866 
120    0.92737       4647       1051         43        122      0.104      0.739      0.813      0.777      0.866 
121    0.94233       4647       1051         43        122      0.104      0.739      0.813      0.777      0.866 
122    0.95693       4648       1050         42        123      0.105      0.745      0.814      0.781      0.867 
123    0.95081       4648       1050         42        123      0.105      0.745      0.814      0.781      0.867 
124    0.92935       4647       1051         43        122      0.104      0.739      0.813      0.777      0.867 
125    0.93895       4647       1051         43        122      0.104      0.739      0.813      0.777      0.867 
126    0.94748       4646       1052         44        121      0.103      0.733      0.813      0.774      0.867 
127    0.93311       4647       1051         43        122      0.104      0.739      0.813      0.777      0.867 
128    0.92967       4647       1051         43        122      0.104      0.739      0.813      0.777      0.867 
129    0.92936       4647       1051         43        122      0.104      0.739      0.813      0.777      0.867 
130     0.9193       4647       1051         43        122      0.104      0.739      0.813      0.777      0.868 
131    0.93407       4648       1050         42        123      0.105      0.745      0.814      0.781      0.868 
132    0.93579       4648       1050         42        123      0.105      0.745      0.814      0.781      0.868 
133     0.9173       4648       1050         42        123      0.105      0.745      0.814      0.781      0.868 
134    0.92801       4651       1047         39        126      0.107      0.764      0.815      0.790      0.869 
135    0.94427       4648       1050         42        123      0.105      0.745      0.814      0.781      0.869 
136    0.94761       4647       1051         43        122      0.104      0.739      0.813      0.777      0.869 
137    0.94905       4646       1052         44        121      0.103      0.733      0.813      0.774      0.869 
138    0.95201       4649       1049         41        124      0.106      0.752      0.814      0.784      0.869 
139    0.91909       4649       1049         41        124      0.106      0.752      0.814      0.784      0.869 
140    0.91964       4648       1050         42        123      0.105      0.745      0.814      0.781      0.870 
141     0.9337       4647       1051         43        122      0.104      0.739      0.813      0.777      0.870 
142    0.92965       4647       1051         43        122      0.104      0.739      0.813      0.777      0.870 
143    0.96029       4650       1048         40        125      0.107      0.758      0.814      0.787      0.870 
144    0.94289       4650       1048         40        125      0.107      0.758      0.814      0.787      0.870 
145    0.94967       4647       1051         43        122      0.104      0.739      0.813      0.777      0.870 
146    0.92176       4647       1051         43        122      0.104      0.739      0.813      0.777      0.869 
147    0.94909       4647       1051         43        122      0.104      0.739      0.813      0.777      0.869 
148    0.92925       4645       1053         45        120      0.102      0.727      0.813      0.771      0.869 
149    0.93469       4645       1053         45        120      0.102      0.727      0.813      0.771      0.869 
150     0.9295       4647       1051         43        122      0.104      0.739      0.813      0.777      0.869 
151    0.94856       4647       1051         43        122      0.104      0.739      0.813      0.777      0.869 
152    0.93047       4647       1051         43        122      0.104      0.739      0.813      0.777      0.869 
153    0.91682       4647       1051         43        122      0.104      0.739      0.813      0.777      0.869 
154    0.94913       4647       1051         43        122      0.104      0.739      0.813      0.777      0.869 
155     0.9266       4647       1051         43        122      0.104      0.739      0.813      0.777      0.870 
156    0.91253       4648       1050         42        123      0.105      0.745      0.814      0.781      0.870 
157    0.93915       4647       1051         43        122      0.104      0.739      0.813      0.777      0.870 
158    0.95596       4648       1050         42        123      0.105      0.745      0.814      0.781      0.870 
159    0.92147       4648       1050         42        123      0.105      0.745      0.814      0.781      0.870 
160    0.92011       4650       1048         40        125      0.107      0.758      0.814      0.787      0.870 
161    0.93332       4650       1048         40        125      0.107      0.758      0.814      0.787      0.871 
162    0.93813       4647       1051         43        122      0.104      0.739      0.813      0.777      0.871 
163    0.93286       4648       1050         42        123      0.105      0.745      0.814      0.781      0.871 
164    0.93278       4649       1049         41        124      0.106      0.752      0.814      0.784      0.871 
165    0.93367       4649       1049         41        124      0.106      0.752      0.814      0.784      0.871 
166     0.9115       4649       1049         41        124      0.106      0.752      0.814      0.784      0.872 
167     0.9149       4650       1048         40        125      0.107      0.758      0.814      0.787      0.872 
168    0.90822       4648       1050         42        123      0.105      0.745      0.814      0.781      0.872 
169    0.92466       4648       1050         42        123      0.105      0.745      0.814      0.781      0.872 
170    0.94301       4648       1050         42        123      0.105      0.745      0.814      0.781      0.872 
171    0.92102       4649       1049         41        124      0.106      0.752      0.814      0.784      0.873 
172    0.90935       4649       1049         41        124      0.106      0.752      0.814      0.784      0.873 
173    0.91441       4650       1048         40        125      0.107      0.758      0.814      0.787      0.874 
174    0.92313       4651       1047         39        126      0.107      0.764      0.815      0.790      0.874 
175    0.91457       4650       1048         40        125      0.107      0.758      0.814      0.787      0.874 
176    0.91801       4650       1048         40        125      0.107      0.758      0.814      0.787      0.874 
177    0.90792       4649       1049         41        124      0.106      0.752      0.814      0.784      0.875 
178    0.92425       4650       1048         40        125      0.107      0.758      0.814      0.787      0.875 
179    0.91121       4650       1048         40        125      0.107      0.758      0.814      0.787      0.875 
180    0.90637       4652       1046         38        127      0.108      0.770      0.815      0.793      0.876 
181    0.91186       4650       1048         40        125      0.107      0.758      0.814      0.787      0.875 
182    0.95699       4650       1048         40        125      0.107      0.758      0.814      0.787      0.875 
183    0.94605       4651       1047         39        126      0.107      0.764      0.815      0.790      0.875 
184     0.9291       4649       1049         41        124      0.106      0.752      0.814      0.784      0.875 
185    0.91347       4649       1049         41        124      0.106      0.752      0.814      0.784      0.876 
186    0.90062       4651       1047         39        126      0.107      0.764      0.815      0.790      0.876 
187    0.92916       4651       1047         39        126      0.107      0.764      0.815      0.790      0.876 
188    0.92606       4651       1047         39        126      0.107      0.764      0.815      0.790      0.875 
189    0.94321       4651       1047         39        126      0.107      0.764      0.815      0.790      0.875 
190     0.9305       4651       1047         39        126      0.107      0.764      0.815      0.790      0.875 
191    0.91141       4652       1046         38        127      0.108      0.770      0.815      0.793      0.876 
192    0.93513       4651       1047         39        126      0.107      0.764      0.815      0.790      0.875 
193    0.90646       4651       1047         39        126      0.107      0.764      0.815      0.790      0.875 
194     0.9308       4651       1047         39        126      0.107      0.764      0.815      0.790      0.874 
195      0.914       4650       1048         40        125      0.107      0.758      0.814      0.787      0.874 
196    0.92209       4651       1047         39        126      0.107      0.764      0.815      0.790      0.874 
197    0.91763       4651       1047         39        126      0.107      0.764      0.815      0.790      0.874 
198    0.92114       4651       1047         39        126      0.107      0.764      0.815      0.790      0.874 
199    0.89709       4651       1047         39        126      0.107      0.764      0.815      0.790      0.874 
200    0.90816       4650       1048         40        125      0.107      0.758      0.814      0.787      0.874 
201    0.90692       4650       1048         40        125      0.107      0.758      0.814      0.787      0.874 
202    0.89253       4651       1047         39        126      0.107      0.764      0.815      0.790      0.874 
203     0.9213       4651       1047         39        126      0.107      0.764      0.815      0.790      0.875 
204    0.91812       4650       1048         40        125      0.107      0.758      0.814      0.787      0.875 
205    0.90659       4650       1048         40        125      0.107      0.758      0.814      0.787      0.875 
206     0.9065       4650       1048         40        125      0.107      0.758      0.814      0.787      0.875 
207    0.90554       4650       1048         40        125      0.107      0.758      0.814      0.787      0.875 
208    0.92063       4649       1049         41        124      0.106      0.752      0.814      0.784      0.875 
209    0.90806       4650       1048         40        125      0.107      0.758      0.814      0.787      0.876 
210    0.90626       4650       1048         40        125      0.107      0.758      0.814      0.787      0.876 
211    0.90278       4652       1046         38        127      0.108      0.770      0.815      0.793      0.876 
212    0.91042       4653       1045         37        128      0.109      0.776      0.815      0.796      0.876 
213    0.89959       4653       1045         37        128      0.109      0.776      0.815      0.796      0.877 
214    0.90304       4653       1045         37        128      0.109      0.776      0.815      0.796      0.877 
215    0.92163       4653       1045         37        128      0.109      0.776      0.815      0.796      0.877 
216    0.89984       4651       1047         39        126      0.107      0.764      0.815      0.790      0.877 
217    0.90929       4651       1047         39        126      0.107      0.764      0.815      0.790      0.877 
218    0.92186       4651       1047         39        126      0.107      0.764      0.815      0.790      0.877 
219    0.90101       4651       1047         39        126      0.107      0.764      0.815      0.790      0.877 
220    0.88732       4651       1047         39        126      0.107      0.764      0.815      0.790      0.877 
221    0.89575       4651       1047         39        126      0.107      0.764      0.815      0.790      0.877 
222    0.88914       4651       1047         39        126      0.107      0.764      0.815      0.790      0.877 
223    0.92413       4651       1047         39        126      0.107      0.764      0.815      0.790      0.876 
224    0.92476       4650       1048         40        125      0.107      0.758      0.814      0.787      0.876 
225    0.91654       4650       1048         40        125      0.107      0.758      0.814      0.787      0.877 
226    0.90811       4652       1046         38        127      0.108      0.770      0.815      0.793      0.877 
227    0.90852       4653       1045         37        128      0.109      0.776      0.815      0.796      0.877 
228    0.92231       4650       1048         40        125      0.107      0.758      0.814      0.787      0.876 
229    0.91931       4649       1049         41        124      0.106      0.752      0.814      0.784      0.876 
230    0.91309       4649       1049         41        124      0.106      0.752      0.814      0.784      0.877 
231    0.91528       4650       1048         40        125      0.107      0.758      0.814      0.787      0.877 
232    0.92369       4651       1047         39        126      0.107      0.764      0.815      0.790      0.877 
233    0.93093       4650       1048         40        125      0.107      0.758      0.814      0.787      0.877 
234    0.90247       4650       1048         40        125      0.107      0.758      0.814      0.787      0.877 
235    0.90379       4650       1048         40        125      0.107      0.758      0.814      0.787      0.877 
236    0.90576       4650       1048         40        125      0.107      0.758      0.814      0.787      0.877 
237    0.91828       4650       1048         40        125      0.107      0.758      0.814      0.787      0.878 
238    0.90788       4650       1048         40        125      0.107      0.758      0.814      0.787      0.878 
239    0.89788       4650       1048         40        125      0.107      0.758      0.814      0.787      0.878 
240    0.90776       4648       1050         42        123      0.105      0.745      0.814      0.781      0.878 
241    0.91443       4648       1050         42        123      0.105      0.745      0.814      0.781      0.878 
242    0.89649       4648       1050         42        123      0.105      0.745      0.814      0.781      0.877 
243    0.90303       4649       1049         41        124      0.106      0.752      0.814      0.784      0.877 
244    0.88333       4649       1049         41        124      0.106      0.752      0.814      0.784      0.877 
245    0.92633       4649       1049         41        124      0.106      0.752      0.814      0.784      0.877 
246    0.89091       4650       1048         40        125      0.107      0.758      0.814      0.787      0.877 
247    0.91684       4650       1048         40        125      0.107      0.758      0.814      0.787      0.877 
248    0.91746       4648       1050         42        123      0.105      0.745      0.814      0.781      0.877 
249    0.90792       4651       1047         39        126      0.107      0.764      0.815      0.790      0.877 
250    0.90951       4651       1047         39        126      0.107      0.764      0.815      0.790      0.878 
251     0.9029       4653       1045         37        128      0.109      0.776      0.815      0.796      0.878 
252    0.88154       4651       1047         38        127      0.108      0.770      0.815      0.793      0.879 
253    0.89132       4653       1045         37        128      0.109      0.776      0.815      0.796      0.879 
254    0.88641       4650       1048         40        125      0.107      0.758      0.814      0.787      0.878 
255    0.90184       4648       1050         42        123      0.105      0.745      0.814      0.781      0.878 
256    0.88669       4649       1049         41        124      0.106      0.752      0.814      0.784      0.877 
257    0.91028       4649       1049         41        124      0.106      0.752      0.814      0.784      0.877 
258    0.90951       4649       1049         41        124      0.106      0.752      0.814      0.784      0.877 
259    0.88217       4649       1049         41        124      0.106      0.752      0.814      0.784      0.878 
260    0.89657       4651       1047         39        126      0.107      0.764      0.815      0.790      0.879 
261     0.8984       4652       1046         38        127      0.108      0.770      0.815      0.793      0.879 
262    0.90183       4653       1045         37        128      0.109      0.776      0.815      0.796      0.880 
263     0.9124       4652       1046         38        127      0.108      0.770      0.815      0.793      0.880 
264      0.901       4651       1047         39        126      0.107      0.764      0.815      0.790      0.880 
265    0.89614       4652       1046         38        127      0.108      0.770      0.815      0.793      0.880 
266    0.88941       4652       1046         38        127      0.108      0.770      0.815      0.793      0.880 
267     0.9158       4650       1048         40        125      0.107      0.758      0.814      0.787      0.880 
268    0.88571       4651       1047         39        126      0.107      0.764      0.815      0.790      0.879 
269    0.92632       4649       1049         41        124      0.106      0.752      0.814      0.784      0.878 
270    0.91529       4648       1050         42        123      0.105      0.745      0.814      0.781      0.878 
271    0.92156       4649       1049         41        124      0.106      0.752      0.814      0.784      0.879 
272    0.93022       4649       1049         41        124      0.106      0.752      0.814      0.784      0.880 
273    0.89699       4650       1048         40        125      0.107      0.758      0.814      0.787      0.880 
274    0.91546       4652       1046         38        127      0.108      0.770      0.815      0.793      0.879 
275    0.91329       4652       1046         38        127      0.108      0.770      0.815      0.793      0.879 
276    0.89286       4651       1047         39        126      0.107      0.764      0.815      0.790      0.879 
277    0.87708       4651       1047         39        126      0.107      0.764      0.815      0.790      0.879 
278    0.92856       4650       1048         40        125      0.107      0.758      0.814      0.787      0.879 
279    0.91177       4652       1046         38        127      0.108      0.770      0.815      0.793      0.879 
280    0.89264       4650       1048         40        125      0.107      0.758      0.814      0.787      0.878 
281    0.89164       4651       1047         39        126      0.107      0.764      0.815      0.790      0.878 
282    0.88696       4650       1048         40        125      0.107      0.758      0.814      0.787      0.878 
283    0.89988       4651       1047         39        126      0.107      0.764      0.815      0.790      0.878 
284    0.89721       4651       1047         39        126      0.107      0.764      0.815      0.790      0.878 
285    0.89903       4651       1047         39        126      0.107      0.764      0.815      0.790      0.879 
286     0.8931       4651       1047         39        126      0.107      0.764      0.815      0.790      0.879 
287    0.89372       4650       1048         40        125      0.107      0.758      0.814      0.787      0.879 
288    0.91965       4650       1048         40        125      0.107      0.758      0.814      0.787      0.879 
289    0.89902       4649       1049         41        124      0.106      0.752      0.814      0.784      0.879 
290    0.89806       4650       1048         40        125      0.107      0.758      0.814      0.787      0.879 
291    0.92188       4650       1048         40        125      0.107      0.758      0.814      0.787      0.880 
292    0.89808       4652       1046         38        127      0.108      0.770      0.815      0.793      0.879 
293    0.88981       4650       1048         40        125      0.107      0.758      0.814      0.787      0.878 
294     0.9026       4650       1048         40        125      0.107      0.758      0.814      0.787      0.878 
295    0.88257       4650       1048         40        125      0.107      0.758      0.814      0.787      0.879 
296    0.86912       4652       1046         38        127      0.108      0.770      0.815      0.793      0.879 
297    0.90607       4651       1047         39        126      0.107      0.764      0.815      0.790      0.880 
298    0.90437       4653       1045         37        128      0.109      0.776      0.815      0.796      0.880 
299    0.91584       4653       1045         37        128      0.109      0.776      0.815      0.796      0.880 
300    0.90413       4653       1045         37        128      0.109      0.776      0.815      0.796      0.880 
