# Number of nodes=5863; Number of edges=33322; Number of node features=5; Model: gtn.
epoch       loss         tn         fp         fn         tp       prec        rec        acc       bacc        auc 
1     1.6657       3696        862         56         76      0.081      0.576      0.804      0.693      0.784 
2     3.3939       3694        864         58         74      0.079      0.561      0.803      0.686      0.773 
3     1.7765       3691        867         61         71      0.076      0.538      0.802      0.674      0.704 
4     1.2226       3677        881         75         57      0.061      0.432      0.796      0.619      0.632 
5     1.5803       3682        876         70         62      0.066      0.470      0.798      0.639      0.663 
6     1.5222       3692        866         60         72      0.077      0.545      0.803      0.678      0.713 
7     1.2931       3698        860         54         78      0.083      0.591      0.805      0.701      0.752 
8     1.1442       3701        857         51         81      0.086      0.614      0.806      0.713      0.777 
9     1.1427       3703        855         49         83      0.088      0.629      0.807      0.721      0.794 
10     1.1522       3707        851         45         87      0.093      0.659      0.809      0.736      0.804 
11     1.1816       3706        852         46         86      0.092      0.652      0.809      0.732      0.810 
12     1.1988       3707        851         45         87      0.093      0.659      0.809      0.736      0.813 
13     1.1769       3708        850         44         88      0.094      0.667      0.809      0.740      0.813 
14     1.1384       3708        850         44         88      0.094      0.667      0.809      0.740      0.809 
15     1.1219       3707        851         45         87      0.093      0.659      0.809      0.736      0.803 
16     1.0991       3707        851         45         87      0.093      0.659      0.809      0.736      0.794 
17     1.0737       3706        852         46         86      0.092      0.652      0.809      0.732      0.786 
18     1.0659       3704        854         48         84      0.090      0.636      0.808      0.725      0.781 
19     1.0879       3703        855         49         83      0.088      0.629      0.807      0.721      0.781 
20     1.0871       3705        853         47         85      0.091      0.644      0.808      0.728      0.783 
21     1.0757       3709        849         43         89      0.095      0.674      0.810      0.744      0.787 
22      1.071       3708        850         44         88      0.094      0.667      0.809      0.740      0.792 
23     1.0785       3708        850         44         88      0.094      0.667      0.809      0.740      0.796 
24     1.0515       3709        849         43         89      0.095      0.674      0.810      0.744      0.799 
25     1.0285       3710        848         42         90      0.096      0.682      0.810      0.748      0.803 
26     1.0376       3710        848         42         90      0.096      0.682      0.810      0.748      0.806 
27     1.0383       3710        848         42         90      0.096      0.682      0.810      0.748      0.810 
28     1.0506       3711        847         41         91      0.097      0.689      0.811      0.752      0.814 
29     1.0471       3711        847         41         91      0.097      0.689      0.811      0.752      0.817 
30     1.0113       3711        847         41         91      0.097      0.689      0.811      0.752      0.820 
31    0.99513       3711        847         41         91      0.097      0.689      0.811      0.752      0.823 
32     1.0252       3710        848         42         90      0.096      0.682      0.810      0.748      0.826 
33      1.018       3710        848         42         90      0.096      0.682      0.810      0.748      0.828 
34    0.99369       3710        848         42         90      0.096      0.682      0.810      0.748      0.831 
35     1.0021       3712        846         40         92      0.098      0.697      0.811      0.756      0.833 
36     1.0014       3713        845         39         93      0.099      0.705      0.812      0.760      0.835 
37    0.99724       3713        845         39         93      0.099      0.705      0.812      0.760      0.838 
38     1.0054       3713        845         39         93      0.099      0.705      0.812      0.760      0.841 
39    0.98428       3714        844         38         94      0.100      0.712      0.812      0.763      0.845 
40    0.97198       3714        844         38         94      0.100      0.712      0.812      0.763      0.848 
41    0.99317       3714        844         38         94      0.100      0.712      0.812      0.763      0.851 
42    0.98401       3714        844         38         94      0.100      0.712      0.812      0.763      0.854 
43    0.94791       3714        844         38         94      0.100      0.712      0.812      0.763      0.856 
44    0.96552       3716        842         36         96      0.102      0.727      0.813      0.771      0.860 
45    0.98464       3717        841         35         97      0.103      0.735      0.813      0.775      0.863 
46    0.97747       3719        839         33         99      0.106      0.750      0.814      0.783      0.864 
47    0.97314       3719        839         33         99      0.106      0.750      0.814      0.783      0.865 
48    0.96634       3719        839         33         99      0.106      0.750      0.814      0.783      0.867 
49    0.93241       3718        840         34         98      0.104      0.742      0.814      0.779      0.869 
50    0.94666       3719        839         33         99      0.106      0.750      0.814      0.783      0.872 
51    0.93918       3720        838         32        100      0.107      0.758      0.814      0.787      0.874 
52     0.8952       3723        835         29        103      0.110      0.780      0.816      0.799      0.875 
53    0.90627       3724        834         28        104      0.111      0.788      0.816      0.802      0.877 
54    0.96205       3726        832         26        106      0.113      0.803      0.817      0.810      0.879 
55    0.91004       3725        833         27        105      0.112      0.795      0.817      0.806      0.881 
56    0.89687       3726        832         26        106      0.113      0.803      0.817      0.810      0.883 
57     0.8934       3727        831         25        107      0.114      0.811      0.817      0.814      0.885 
58    0.90817       3727        831         25        107      0.114      0.811      0.817      0.814      0.886 
59    0.89985       3726        832         26        106      0.113      0.803      0.817      0.810      0.886 
60    0.91853       3727        831         25        107      0.114      0.811      0.817      0.814      0.887 
61    0.89035       3728        830         24        108      0.115      0.818      0.818      0.818      0.889 
62    0.86661       3728        830         24        108      0.115      0.818      0.818      0.818      0.891 
63    0.87176       3728        830         24        108      0.115      0.818      0.818      0.818      0.893 
64     0.8839       3730        828         22        110      0.117      0.833      0.819      0.826      0.894 
65    0.84759       3730        828         22        110      0.117      0.833      0.819      0.826      0.895 
66     0.8341       3731        827         21        111      0.118      0.841      0.819      0.830      0.896 
67    0.87994       3732        826         20        112      0.119      0.848      0.820      0.834      0.897 
68    0.85591       3732        826         20        112      0.119      0.848      0.820      0.834      0.899 
69    0.84259       3732        826         20        112      0.119      0.848      0.820      0.834      0.900 
70    0.88163       3732        826         20        112      0.119      0.848      0.820      0.834      0.902 
71    0.81507       3733        825         19        113      0.120      0.856      0.820      0.838      0.903 
72    0.82458       3733        825         19        113      0.120      0.856      0.820      0.838      0.904 
73    0.83685       3733        825         19        113      0.120      0.856      0.820      0.838      0.905 
74    0.83706       3733        825         19        113      0.120      0.856      0.820      0.838      0.906 
75    0.82437       3734        824         18        114      0.122      0.864      0.820      0.841      0.909 
76    0.84402       3736        822         16        116      0.124      0.879      0.821      0.849      0.911 
77    0.80651       3737        821         15        117      0.125      0.886      0.822      0.853      0.913 
78     0.8261       3737        821         15        117      0.125      0.886      0.822      0.853      0.913 
79    0.81003       3736        822         16        116      0.124      0.879      0.821      0.849      0.914 
80     0.8087       3739        819         13        119      0.127      0.902      0.823      0.861      0.916 
81    0.79818       3739        819         13        119      0.127      0.902      0.823      0.861      0.917 
82    0.80209       3739        819         13        119      0.127      0.902      0.823      0.861      0.919 
83     0.8145       3739        819         13        119      0.127      0.902      0.823      0.861      0.920 
84    0.76677       3740        818         12        120      0.128      0.909      0.823      0.865      0.921 
85    0.75258       3740        818         12        120      0.128      0.909      0.823      0.865      0.922 
86    0.78543       3740        818         12        120      0.128      0.909      0.823      0.865      0.923 
87    0.77329       3741        817         11        121      0.129      0.917      0.823      0.869      0.925 
88    0.77291       3742        816         10        122      0.130      0.924      0.824      0.873      0.925 
89    0.77348       3742        816         10        122      0.130      0.924      0.824      0.873      0.926 
90    0.78036       3742        816         10        122      0.130      0.924      0.824      0.873      0.928 
91    0.80365       3742        816         10        122      0.130      0.924      0.824      0.873      0.929 
92    0.75467       3744        814          8        124      0.132      0.939      0.825      0.880      0.931 
93    0.77117       3744        814          8        124      0.132      0.939      0.825      0.880      0.932 
94    0.74056       3745        813          7        125      0.133      0.947      0.825      0.884      0.932 
95    0.75833       3745        813          7        125      0.133      0.947      0.825      0.884      0.933 
96    0.77631       3745        813          7        125      0.133      0.947      0.825      0.884      0.933 
97    0.74976       3744        814          8        124      0.132      0.939      0.825      0.880      0.932 
98    0.78939       3744        814          8        124      0.132      0.939      0.825      0.880      0.931 
99    0.75213       3743        815          9        123      0.131      0.932      0.824      0.877      0.932 
100    0.75217       3742        816         10        122      0.130      0.924      0.824      0.873      0.933 
101    0.75774       3744        814          8        124      0.132      0.939      0.825      0.880      0.935 
102    0.67796       3745        813          7        125      0.133      0.947      0.825      0.884      0.936 
103    0.72755       3745        813          7        125      0.133      0.947      0.825      0.884      0.937 
104    0.73499       3746        812          6        126      0.134      0.955      0.826      0.888      0.939 
105    0.73688       3747        811          5        127      0.135      0.962      0.826      0.892      0.939 
106    0.70123       3747        811          5        127      0.135      0.962      0.826      0.892      0.939 
107     0.7546       3747        811          5        127      0.135      0.962      0.826      0.892      0.940 
108    0.72956       3747        811          5        127      0.135      0.962      0.826      0.892      0.942 
109    0.75571       3746        812          6        126      0.134      0.955      0.826      0.888      0.944 
110    0.72977       3748        810          4        128      0.136      0.970      0.826      0.896      0.944 
111    0.72669       3747        811          5        127      0.135      0.962      0.826      0.892      0.942 
112    0.73063       3747        811          5        127      0.135      0.962      0.826      0.892      0.942 
113    0.70082       3746        812          6        126      0.134      0.955      0.826      0.888      0.941 
114    0.69871       3746        812          6        126      0.134      0.955      0.826      0.888      0.942 
115    0.69069       3746        812          6        126      0.134      0.955      0.826      0.888      0.945 
116    0.70474       3747        811          5        127      0.135      0.962      0.826      0.892      0.946 
117    0.68626       3747        811          5        127      0.135      0.962      0.826      0.892      0.946 
118    0.70528       3747        811          5        127      0.135      0.962      0.826      0.892      0.947 
119    0.69016       3748        810          4        128      0.136      0.970      0.826      0.896      0.948 
120    0.70778       3748        810          4        128      0.136      0.970      0.826      0.896      0.948 
121    0.68103       3748        810          4        128      0.136      0.970      0.826      0.896      0.949 
122    0.70467       3748        810          4        128      0.136      0.970      0.826      0.896      0.949 
123    0.69492       3748        810          4        128      0.136      0.970      0.826      0.896      0.949 
124    0.70389       3748        810          4        128      0.136      0.970      0.826      0.896      0.949 
125    0.64753       3748        810          4        128      0.136      0.970      0.826      0.896      0.949 
126    0.64998       3748        810          4        128      0.136      0.970      0.826      0.896      0.950 
127    0.65318       3748        810          4        128      0.136      0.970      0.826      0.896      0.952 
128    0.66145       3748        810          4        128      0.136      0.970      0.826      0.896      0.952 
129    0.65737       3748        810          4        128      0.136      0.970      0.826      0.896      0.952 
130    0.69247       3748        810          4        128      0.136      0.970      0.826      0.896      0.953 
131    0.65857       3748        810          4        128      0.136      0.970      0.826      0.896      0.953 
132    0.61896       3748        810          4        128      0.136      0.970      0.826      0.896      0.954 
133    0.65557       3748        810          4        128      0.136      0.970      0.826      0.896      0.953 
134    0.69894       3748        810          4        128      0.136      0.970      0.826      0.896      0.952 
135    0.67095       3748        810          4        128      0.136      0.970      0.826      0.896      0.952 
136    0.69137       3748        810          4        128      0.136      0.970      0.826      0.896      0.952 
137    0.72135       3748        810          4        128      0.136      0.970      0.826      0.896      0.952 
138    0.66306       3748        810          4        128      0.136      0.970      0.826      0.896      0.954 
139    0.68014       3748        810          4        128      0.136      0.970      0.826      0.896      0.954 
140    0.72062       3748        810          4        128      0.136      0.970      0.826      0.896      0.955 
141    0.61626       3748        810          4        128      0.136      0.970      0.826      0.896      0.955 
142    0.64176       3748        810          4        128      0.136      0.970      0.826      0.896      0.956 
143    0.63578       3748        810          4        128      0.136      0.970      0.826      0.896      0.957 
144    0.61569       3748        810          4        128      0.136      0.970      0.826      0.896      0.958 
145    0.65638       3748        810          4        128      0.136      0.970      0.826      0.896      0.959 
146    0.59958       3748        810          4        128      0.136      0.970      0.826      0.896      0.959 
147    0.58461       3748        810          4        128      0.136      0.970      0.826      0.896      0.959 
148    0.62698       3748        810          4        128      0.136      0.970      0.826      0.896      0.959 
149     0.6235       3748        810          4        128      0.136      0.970      0.826      0.896      0.960 
150    0.63096       3748        810          4        128      0.136      0.970      0.826      0.896      0.960 
151     0.5985       3748        810          4        128      0.136      0.970      0.826      0.896      0.961 
152    0.61077       3748        810          4        128      0.136      0.970      0.826      0.896      0.961 
153    0.60785       3748        810          4        128      0.136      0.970      0.826      0.896      0.961 
154    0.63868       3748        810          4        128      0.136      0.970      0.826      0.896      0.961 
155    0.64021       3748        810          4        128      0.136      0.970      0.826      0.896      0.960 
156    0.62111       3748        810          4        128      0.136      0.970      0.826      0.896      0.961 
157    0.65299       3748        810          4        128      0.136      0.970      0.826      0.896      0.962 
158    0.59192       3748        810          4        128      0.136      0.970      0.826      0.896      0.962 
159    0.62468       3748        810          4        128      0.136      0.970      0.826      0.896      0.963 
160    0.56338       3748        810          4        128      0.136      0.970      0.826      0.896      0.963 
161    0.60966       3748        810          4        128      0.136      0.970      0.826      0.896      0.963 
162    0.60595       3748        810          4        128      0.136      0.970      0.826      0.896      0.963 
163    0.61547       3748        810          4        128      0.136      0.970      0.826      0.896      0.963 
164    0.57821       3748        810          4        128      0.136      0.970      0.826      0.896      0.963 
165    0.57829       3748        810          4        128      0.136      0.970      0.826      0.896      0.964 
166    0.60163       3748        810          4        128      0.136      0.970      0.826      0.896      0.964 
167    0.60486       3748        810          4        128      0.136      0.970      0.826      0.896      0.965 
168      0.559       3748        810          4        128      0.136      0.970      0.826      0.896      0.965 
169    0.58692       3748        810          4        128      0.136      0.970      0.826      0.896      0.965 
170    0.59777       3748        810          4        128      0.136      0.970      0.826      0.896      0.965 
171    0.62202       3749        809          3        129      0.138      0.977      0.827      0.900      0.965 
172    0.60642       3749        809          3        129      0.138      0.977      0.827      0.900      0.965 
173    0.60427       3749        809          3        129      0.138      0.977      0.827      0.900      0.965 
174    0.57783       3749        809          3        129      0.138      0.977      0.827      0.900      0.965 
175    0.60512       3749        809          3        129      0.138      0.977      0.827      0.900      0.965 
176     0.6206       3749        809          3        129      0.138      0.977      0.827      0.900      0.965 
177    0.58632       3749        809          3        129      0.138      0.977      0.827      0.900      0.965 
178     0.6226       3749        809          3        129      0.138      0.977      0.827      0.900      0.965 
179    0.56045       3749        809          3        129      0.138      0.977      0.827      0.900      0.965 
180    0.55434       3749        809          3        129      0.138      0.977      0.827      0.900      0.966 
181    0.57379       3749        809          3        129      0.138      0.977      0.827      0.900      0.967 
182    0.55484       3749        809          3        129      0.138      0.977      0.827      0.900      0.967 
183    0.56775       3749        809          3        129      0.138      0.977      0.827      0.900      0.968 
184     0.5265       3749        809          3        129      0.138      0.977      0.827      0.900      0.968 
185    0.58239       3749        809          3        129      0.138      0.977      0.827      0.900      0.967 
186    0.59456       3749        809          3        129      0.138      0.977      0.827      0.900      0.967 
187    0.56355       3749        809          3        129      0.138      0.977      0.827      0.900      0.967 
188    0.55025       3749        809          3        129      0.138      0.977      0.827      0.900      0.968 
189    0.55908       3749        809          3        129      0.138      0.977      0.827      0.900      0.968 
190    0.58008       3749        809          3        129      0.138      0.977      0.827      0.900      0.969 
191    0.57497       3749        809          3        129      0.138      0.977      0.827      0.900      0.969 
192    0.56496       3749        809          3        129      0.138      0.977      0.827      0.900      0.969 
193    0.57597       3749        809          3        129      0.138      0.977      0.827      0.900      0.969 
194    0.56628       3749        809          3        129      0.138      0.977      0.827      0.900      0.969 
195    0.57991       3749        809          3        129      0.138      0.977      0.827      0.900      0.970 
196    0.61438       3749        809          3        129      0.138      0.977      0.827      0.900      0.970 
197    0.54552       3749        809          3        129      0.138      0.977      0.827      0.900      0.970 
198    0.55348       3749        809          3        129      0.138      0.977      0.827      0.900      0.970 
199    0.56619       3749        809          3        129      0.138      0.977      0.827      0.900      0.969 
200    0.58375       3749        809          3        129      0.138      0.977      0.827      0.900      0.968 
201     0.5733       3749        809          3        129      0.138      0.977      0.827      0.900      0.968 
202    0.57985       3749        809          3        129      0.138      0.977      0.827      0.900      0.968 
203    0.59866       3749        809          3        129      0.138      0.977      0.827      0.900      0.969 
204    0.55408       3749        809          3        129      0.138      0.977      0.827      0.900      0.970 
205    0.55823       3749        809          3        129      0.138      0.977      0.827      0.900      0.970 
206    0.57924       3749        809          3        129      0.138      0.977      0.827      0.900      0.970 
207    0.55366       3749        809          3        129      0.138      0.977      0.827      0.900      0.970 
208    0.52443       3749        809          3        129      0.138      0.977      0.827      0.900      0.970 
209    0.56196       3749        809          3        129      0.138      0.977      0.827      0.900      0.971 
210    0.54948       3749        809          3        129      0.138      0.977      0.827      0.900      0.971 
211    0.56407       3749        809          3        129      0.138      0.977      0.827      0.900      0.972 
212    0.56662       3749        809          3        129      0.138      0.977      0.827      0.900      0.971 
213    0.53508       3749        809          3        129      0.138      0.977      0.827      0.900      0.972 
214    0.50611       3749        809          3        129      0.138      0.977      0.827      0.900      0.972 
215    0.54428       3749        809          3        129      0.138      0.977      0.827      0.900      0.971 
216    0.51768       3749        809          3        129      0.138      0.977      0.827      0.900      0.971 
217    0.54589       3749        809          3        129      0.138      0.977      0.827      0.900      0.971 
218    0.52709       3749        809          3        129      0.138      0.977      0.827      0.900      0.971 
219     0.5797       3749        809          3        129      0.138      0.977      0.827      0.900      0.971 
220    0.56839       3749        809          3        129      0.138      0.977      0.827      0.900      0.971 
221    0.51062       3749        809          3        129      0.138      0.977      0.827      0.900      0.971 
222    0.56094       3749        809          3        129      0.138      0.977      0.827      0.900      0.971 
223    0.52632       3749        809          3        129      0.138      0.977      0.827      0.900      0.971 
224    0.54395       3749        809          3        129      0.138      0.977      0.827      0.900      0.971 
225    0.51926       3749        809          3        129      0.138      0.977      0.827      0.900      0.972 
226    0.54146       3749        809          3        129      0.138      0.977      0.827      0.900      0.972 
227    0.54864       3749        809          3        129      0.138      0.977      0.827      0.900      0.973 
228    0.52671       3749        809          3        129      0.138      0.977      0.827      0.900      0.972 
229    0.52673       3749        809          3        129      0.138      0.977      0.827      0.900      0.972 
230    0.56182       3749        809          3        129      0.138      0.977      0.827      0.900      0.971 
231    0.49474       3749        809          3        129      0.138      0.977      0.827      0.900      0.971 
232    0.57302       3749        809          3        129      0.138      0.977      0.827      0.900      0.972 
233    0.52096       3749        809          3        129      0.138      0.977      0.827      0.900      0.972 
234    0.57588       3749        809          3        129      0.138      0.977      0.827      0.900      0.972 
235    0.55201       3749        809          3        129      0.138      0.977      0.827      0.900      0.973 
236    0.51595       3749        809          3        129      0.138      0.977      0.827      0.900      0.974 
237     0.5462       3749        809          3        129      0.138      0.977      0.827      0.900      0.974 
238    0.50559       3749        809          3        129      0.138      0.977      0.827      0.900      0.974 
239     0.5487       3749        809          3        129      0.138      0.977      0.827      0.900      0.974 
240    0.54131       3749        809          3        129      0.138      0.977      0.827      0.900      0.974 
241    0.57688       3749        809          3        129      0.138      0.977      0.827      0.900      0.974 
242    0.55218       3749        809          3        129      0.138      0.977      0.827      0.900      0.974 
243    0.56571       3748        810          4        128      0.136      0.970      0.826      0.896      0.973 
244     0.5588       3749        809          3        129      0.138      0.977      0.827      0.900      0.974 
245    0.53554       3749        809          3        129      0.138      0.977      0.827      0.900      0.973 
246    0.54237       3749        809          3        129      0.138      0.977      0.827      0.900      0.974 
247    0.52198       3749        809          3        129      0.138      0.977      0.827      0.900      0.974 
248    0.53577       3749        809          3        129      0.138      0.977      0.827      0.900      0.975 
249    0.50187       3749        809          3        129      0.138      0.977      0.827      0.900      0.975 
250    0.49597       3749        809          3        129      0.138      0.977      0.827      0.900      0.975 
251    0.53736       3749        809          3        129      0.138      0.977      0.827      0.900      0.975 
252    0.50513       3749        809          3        129      0.138      0.977      0.827      0.900      0.975 
253    0.47176       3749        809          3        129      0.138      0.977      0.827      0.900      0.975 
254    0.52157       3749        809          3        129      0.138      0.977      0.827      0.900      0.974 
255    0.53587       3749        809          3        129      0.138      0.977      0.827      0.900      0.974 
256    0.49182       3749        809          3        129      0.138      0.977      0.827      0.900      0.974 
257    0.46789       3749        809          3        129      0.138      0.977      0.827      0.900      0.975 
258    0.50657       3749        809          3        129      0.138      0.977      0.827      0.900      0.976 
259     0.4668       3749        809          3        129      0.138      0.977      0.827      0.900      0.976 
260    0.51122       3749        809          3        129      0.138      0.977      0.827      0.900      0.977 
261     0.5074       3749        809          3        129      0.138      0.977      0.827      0.900      0.977 
262    0.56824       3749        809          3        129      0.138      0.977      0.827      0.900      0.976 
263    0.48601       3749        809          3        129      0.138      0.977      0.827      0.900      0.976 
264    0.48959       3749        809          3        129      0.138      0.977      0.827      0.900      0.976 
265    0.51199       3749        809          3        129      0.138      0.977      0.827      0.900      0.975 
266    0.49548       3749        809          3        129      0.138      0.977      0.827      0.900      0.975 
267    0.50271       3749        809          3        129      0.138      0.977      0.827      0.900      0.975 
268    0.49959       3749        809          3        129      0.138      0.977      0.827      0.900      0.976 
269     0.7146       3750        808          2        130      0.139      0.985      0.827      0.904      0.976 
270    0.52952       3750        808          2        130      0.139      0.985      0.827      0.904      0.977 
271    0.57874       3750        808          2        130      0.139      0.985      0.827      0.904      0.977 
272    0.53699       3749        809          3        129      0.138      0.977      0.827      0.900      0.976 
273    0.58254       3749        809          3        129      0.138      0.977      0.827      0.900      0.975 
274    0.51908       3749        809          3        129      0.138      0.977      0.827      0.900      0.975 
275    0.50227       3749        809          3        129      0.138      0.977      0.827      0.900      0.974 
276    0.47331       3749        809          3        129      0.138      0.977      0.827      0.900      0.974 
277    0.53311       3749        809          3        129      0.138      0.977      0.827      0.900      0.974 
278    0.50952       3749        809          3        129      0.138      0.977      0.827      0.900      0.975 
279    0.51933       3749        809          3        129      0.138      0.977      0.827      0.900      0.975 
280    0.47182       3749        809          3        129      0.138      0.977      0.827      0.900      0.975 
281    0.51757       3749        809          3        129      0.138      0.977      0.827      0.900      0.975 
282    0.46176       3749        809          3        129      0.138      0.977      0.827      0.900      0.975 
283    0.50843       3749        809          3        129      0.138      0.977      0.827      0.900      0.975 
284    0.53295       3749        809          3        129      0.138      0.977      0.827      0.900      0.975 
285      0.556       3748        810          4        128      0.136      0.970      0.826      0.896      0.974 
286    0.52369       3749        809          3        129      0.138      0.977      0.827      0.900      0.976 
287    0.52121       3749        809          3        129      0.138      0.977      0.827      0.900      0.976 
288    0.50237       3749        809          3        129      0.138      0.977      0.827      0.900      0.976 
289    0.54263       3749        809          3        129      0.138      0.977      0.827      0.900      0.976 
290    0.52256       3749        809          3        129      0.138      0.977      0.827      0.900      0.975 
291      0.571       3749        809          3        129      0.138      0.977      0.827      0.900      0.975 
292    0.48896       3749        809          3        129      0.138      0.977      0.827      0.900      0.974 
293    0.48168       3749        809          3        129      0.138      0.977      0.827      0.900      0.974 
294    0.51745       3749        809          3        129      0.138      0.977      0.827      0.900      0.974 
295    0.51526       3749        809          3        129      0.138      0.977      0.827      0.900      0.975 
296    0.49948       3749        809          3        129      0.138      0.977      0.827      0.900      0.976 
297    0.48552       3749        809          3        129      0.138      0.977      0.827      0.900      0.977 
298      0.504       3749        809          3        129      0.138      0.977      0.827      0.900      0.977 
299    0.54314       3750        808          2        130      0.139      0.985      0.827      0.904      0.977 
300    0.46197       3750        808          2        130      0.139      0.985      0.827      0.904      0.977 
