# Number of nodes=5863; Number of edges=33322; Number of node features=5; Model: hgcn.
epoch       loss         tn         fp         fn         tp       prec        rec        acc       bacc        auc 
1     1.6462       3654        904         98         34      0.036      0.258      0.786      0.530      0.467 
2     1.3694       3692        866         60         72      0.077      0.545      0.803      0.678      0.737 
3      1.349       3699        859         53         79      0.084      0.598      0.806      0.705      0.792 
4     1.3798       3702        856         49         83      0.088      0.629      0.807      0.720      0.807 
5     1.3415       3708        850         44         88      0.094      0.667      0.809      0.740      0.815 
6     1.2968       3710        848         42         90      0.096      0.682      0.810      0.748      0.818 
7     1.2722       3712        846         40         92      0.098      0.697      0.811      0.756      0.816 
8     1.2553       3712        846         40         92      0.098      0.697      0.811      0.756      0.810 
9     1.2511       3709        849         43         89      0.095      0.674      0.810      0.744      0.804 
10     1.2448       3710        848         42         90      0.096      0.682      0.810      0.748      0.804 
11     1.2347       3711        847         41         91      0.097      0.689      0.811      0.752      0.806 
12     1.2167       3711        847         41         91      0.097      0.689      0.811      0.752      0.810 
13     1.1922       3711        847         41         91      0.097      0.689      0.811      0.752      0.814 
14     1.1908       3711        847         41         91      0.097      0.689      0.811      0.752      0.817 
15     1.1577       3712        846         40         92      0.098      0.697      0.811      0.756      0.819 
16     1.1668       3711        847         41         91      0.097      0.689      0.811      0.752      0.821 
17      1.146       3712        846         40         92      0.098      0.697      0.811      0.756      0.821 
18     1.1424       3709        849         43         89      0.095      0.674      0.810      0.744      0.821 
19     1.1165       3709        849         43         89      0.095      0.674      0.810      0.744      0.819 
20     1.0971       3708        850         44         88      0.094      0.667      0.809      0.740      0.816 
21     1.0867       3707        851         45         87      0.093      0.659      0.809      0.736      0.815 
22     1.0778       3708        850         44         88      0.094      0.667      0.809      0.740      0.816 
23     1.0679       3708        850         44         88      0.094      0.667      0.809      0.740      0.821 
24     1.0355       3709        849         43         89      0.095      0.674      0.810      0.744      0.826 
25     1.0347       3710        848         42         90      0.096      0.682      0.810      0.748      0.830 
26     1.0539       3710        848         42         90      0.096      0.682      0.810      0.748      0.833 
27     1.0301       3711        847         41         91      0.097      0.689      0.811      0.752      0.835 
28     1.0272       3712        846         40         92      0.098      0.697      0.811      0.756      0.837 
29    0.98764       3712        846         40         92      0.098      0.697      0.811      0.756      0.840 
30    0.96244       3713        845         39         93      0.099      0.705      0.812      0.760      0.843 
31     0.9841       3714        844         38         94      0.100      0.712      0.812      0.763      0.846 
32    0.97785       3714        844         38         94      0.100      0.712      0.812      0.763      0.848 
33    0.96642       3715        843         37         95      0.101      0.720      0.812      0.767      0.850 
34    0.97881       3716        842         36         96      0.102      0.727      0.813      0.771      0.850 
35    0.95247       3716        842         36         96      0.102      0.727      0.813      0.771      0.851 
36    0.97395       3717        841         35         97      0.103      0.735      0.813      0.775      0.851 
37    0.98711       3717        841         35         97      0.103      0.735      0.813      0.775      0.851 
38    0.96861       3719        839         33         99      0.106      0.750      0.814      0.783      0.851 
39    0.98456       3719        839         33         99      0.106      0.750      0.814      0.783      0.851 
40    0.97688       3719        839         33         99      0.106      0.750      0.814      0.783      0.851 
41    0.97638       3719        839         33         99      0.106      0.750      0.814      0.783      0.852 
42    0.96532       3719        839         33         99      0.106      0.750      0.814      0.783      0.853 
43    0.95279       3717        841         35         97      0.103      0.735      0.813      0.775      0.853 
44    0.96834       3717        841         35         97      0.103      0.735      0.813      0.775      0.854 
45    0.97355       3717        841         35         97      0.103      0.735      0.813      0.775      0.854 
46     0.9468       3717        841         35         97      0.103      0.735      0.813      0.775      0.855 
47    0.93002       3716        842         36         96      0.102      0.727      0.813      0.771      0.855 
48    0.92647       3716        842         36         96      0.102      0.727      0.813      0.771      0.855 
49    0.96169       3716        842         36         96      0.102      0.727      0.813      0.771      0.855 
50    0.95896       3715        843         37         95      0.101      0.720      0.812      0.767      0.855 
51    0.96246       3716        842         36         96      0.102      0.727      0.813      0.771      0.856 
52    0.95166       3717        841         35         97      0.103      0.735      0.813      0.775      0.856 
53    0.92721       3717        841         35         97      0.103      0.735      0.813      0.775      0.857 
54    0.96043       3717        841         35         97      0.103      0.735      0.813      0.775      0.857 
55    0.93577       3718        840         34         98      0.104      0.742      0.814      0.779      0.858 
56    0.96913       3718        840         34         98      0.104      0.742      0.814      0.779      0.858 
57    0.95194       3718        840         34         98      0.104      0.742      0.814      0.779      0.858 
58     0.9445       3718        840         34         98      0.104      0.742      0.814      0.779      0.859 
59    0.91621       3718        840         34         98      0.104      0.742      0.814      0.779      0.860 
60    0.94599       3718        840         34         98      0.104      0.742      0.814      0.779      0.860 
61     0.9191       3718        840         34         98      0.104      0.742      0.814      0.779      0.860 
62    0.93617       3719        839         33         99      0.106      0.750      0.814      0.783      0.860 
63    0.94404       3719        839         33         99      0.106      0.750      0.814      0.783      0.861 
64    0.94503       3719        839         33         99      0.106      0.750      0.814      0.783      0.861 
65    0.92681       3719        839         33         99      0.106      0.750      0.814      0.783      0.861 
66    0.94091       3719        839         33         99      0.106      0.750      0.814      0.783      0.862 
67    0.94812       3719        839         33         99      0.106      0.750      0.814      0.783      0.862 
68    0.92588       3719        839         33         99      0.106      0.750      0.814      0.783      0.862 
69    0.92539       3719        839         33         99      0.106      0.750      0.814      0.783      0.862 
70    0.89818       3719        839         33         99      0.106      0.750      0.814      0.783      0.863 
71    0.91442       3719        839         33         99      0.106      0.750      0.814      0.783      0.863 
72    0.90649       3719        839         33         99      0.106      0.750      0.814      0.783      0.864 
73    0.92607       3719        839         33         99      0.106      0.750      0.814      0.783      0.864 
74    0.93553       3719        839         33         99      0.106      0.750      0.814      0.783      0.865 
75    0.95638       3720        838         32        100      0.107      0.758      0.814      0.787      0.865 
76    0.93144       3720        838         32        100      0.107      0.758      0.814      0.787      0.866 
77    0.90781       3720        838         32        100      0.107      0.758      0.814      0.787      0.866 
78     0.9201       3720        838         32        100      0.107      0.758      0.814      0.787      0.866 
79    0.91053       3721        837         31        101      0.108      0.765      0.815      0.791      0.867 
80    0.92872       3721        837         31        101      0.108      0.765      0.815      0.791      0.867 
81    0.92691       3720        838         32        100      0.107      0.758      0.814      0.787      0.868 
82    0.92474       3721        837         31        101      0.108      0.765      0.815      0.791      0.868 
83    0.90395       3720        838         32        100      0.107      0.758      0.814      0.787      0.868 
84    0.92792       3720        838         32        100      0.107      0.758      0.814      0.787      0.868 
85    0.89347       3720        838         32        100      0.107      0.758      0.814      0.787      0.868 
86    0.92835       3720        838         32        100      0.107      0.758      0.814      0.787      0.868 
87    0.92038       3719        839         33         99      0.106      0.750      0.814      0.783      0.869 
88    0.93749       3719        839         33         99      0.106      0.750      0.814      0.783      0.869 
89    0.91511       3719        839         33         99      0.106      0.750      0.814      0.783      0.869 
90     0.9089       3718        840         33         99      0.105      0.750      0.814      0.783      0.870 
91    0.91892       3719        839         33         99      0.106      0.750      0.814      0.783      0.870 
92      0.935       3720        838         32        100      0.107      0.758      0.814      0.787      0.871 
93    0.90842       3720        838         32        100      0.107      0.758      0.814      0.787      0.871 
94    0.91732       3720        838         32        100      0.107      0.758      0.814      0.787      0.871 
95      0.913       3719        839         33         99      0.106      0.750      0.814      0.783      0.871 
96    0.91624       3719        839         33         99      0.106      0.750      0.814      0.783      0.872 
97    0.91015       3720        838         32        100      0.107      0.758      0.814      0.787      0.872 
98    0.93767       3720        838         32        100      0.107      0.758      0.814      0.787      0.872 
99    0.88557       3720        838         32        100      0.107      0.758      0.814      0.787      0.872 
100    0.91099       3720        838         32        100      0.107      0.758      0.814      0.787      0.872 
101    0.89147       3720        838         32        100      0.107      0.758      0.814      0.787      0.873 
102    0.91761       3720        838         32        100      0.107      0.758      0.814      0.787      0.873 
103    0.88967       3721        837         31        101      0.108      0.765      0.815      0.791      0.874 
104    0.92051       3720        838         32        100      0.107      0.758      0.814      0.787      0.874 
105    0.89478       3720        838         32        100      0.107      0.758      0.814      0.787      0.874 
106    0.91971       3722        836         30        102      0.109      0.773      0.815      0.795      0.875 
107    0.92088       3721        837         31        101      0.108      0.765      0.815      0.791      0.876 
108    0.90561       3723        835         29        103      0.110      0.780      0.816      0.799      0.877 
109    0.88308       3723        835         29        103      0.110      0.780      0.816      0.799      0.877 
110    0.89911       3724        834         28        104      0.111      0.788      0.816      0.802      0.877 
111    0.88596       3724        834         28        104      0.111      0.788      0.816      0.802      0.877 
112    0.89064       3724        834         28        104      0.111      0.788      0.816      0.802      0.878 
113    0.92134       3723        835         29        103      0.110      0.780      0.816      0.799      0.878 
114    0.87476       3725        833         27        105      0.112      0.795      0.817      0.806      0.879 
115    0.89994       3724        834         28        104      0.111      0.788      0.816      0.802      0.879 
116    0.89126       3724        834         28        104      0.111      0.788      0.816      0.802      0.879 
117    0.89881       3724        834         28        104      0.111      0.788      0.816      0.802      0.880 
118     0.8962       3724        834         28        104      0.111      0.788      0.816      0.802      0.880 
119    0.88145       3724        834         28        104      0.111      0.788      0.816      0.802      0.881 
120    0.85728       3724        834         28        104      0.111      0.788      0.816      0.802      0.881 
121    0.86754       3724        834         28        104      0.111      0.788      0.816      0.802      0.881 
122    0.87133       3726        832         26        106      0.113      0.803      0.817      0.810      0.882 
123    0.85809       3725        833         27        105      0.112      0.795      0.817      0.806      0.882 
124    0.89298       3725        833         27        105      0.112      0.795      0.817      0.806      0.881 
125    0.86711       3725        833         27        105      0.112      0.795      0.817      0.806      0.882 
126    0.89889       3725        833         27        105      0.112      0.795      0.817      0.806      0.882 
127    0.88376       3725        833         27        105      0.112      0.795      0.817      0.806      0.883 
128    0.88767       3726        832         26        106      0.113      0.803      0.817      0.810      0.883 
129    0.88619       3724        834         28        104      0.111      0.788      0.816      0.802      0.883 
130    0.88998       3725        833         27        105      0.112      0.795      0.817      0.806      0.883 
131    0.89167       3726        832         26        106      0.113      0.803      0.817      0.810      0.884 
132    0.85151       3727        831         25        107      0.114      0.811      0.817      0.814      0.885 
133    0.85181       3727        831         25        107      0.114      0.811      0.817      0.814      0.885 
134    0.90552       3727        831         25        107      0.114      0.811      0.817      0.814      0.885 
135    0.89279       3726        832         26        106      0.113      0.803      0.817      0.810      0.884 
136    0.85139       3725        833         27        105      0.112      0.795      0.817      0.806      0.884 
137    0.87728       3725        833         27        105      0.112      0.795      0.817      0.806      0.885 
138    0.87171       3727        831         25        107      0.114      0.811      0.817      0.814      0.886 
139    0.89413       3726        832         26        106      0.113      0.803      0.817      0.810      0.886 
140    0.86953       3724        834         28        104      0.111      0.788      0.816      0.802      0.885 
141    0.89755       3724        834         28        104      0.111      0.788      0.816      0.802      0.886 
142    0.85681       3725        833         27        105      0.112      0.795      0.817      0.806      0.886 
143    0.90516       3724        834         28        104      0.111      0.788      0.816      0.802      0.886 
144    0.87541       3723        835         29        103      0.110      0.780      0.816      0.799      0.885 
145    0.88777       3723        835         29        103      0.110      0.780      0.816      0.799      0.885 
146    0.87883       3724        834         28        104      0.111      0.788      0.816      0.802      0.885 
147    0.88503       3725        833         27        105      0.112      0.795      0.817      0.806      0.886 
148    0.85509       3726        832         26        106      0.113      0.803      0.817      0.810      0.887 
149    0.92032       3727        831         25        107      0.114      0.811      0.817      0.814      0.886 
150     0.8434       3726        832         26        106      0.113      0.803      0.817      0.810      0.886 
151    0.87512       3725        833         27        105      0.112      0.795      0.817      0.806      0.886 
152    0.86899       3725        833         27        105      0.112      0.795      0.817      0.806      0.886 
153    0.86985       3727        831         25        107      0.114      0.811      0.817      0.814      0.886 
154    0.84855       3725        833         27        105      0.112      0.795      0.817      0.806      0.886 
155    0.83991       3724        834         28        104      0.111      0.788      0.816      0.802      0.886 
156    0.87906       3725        833         27        105      0.112      0.795      0.817      0.806      0.886 
157     0.8747       3724        834         28        104      0.111      0.788      0.816      0.802      0.886 
158     0.8532       3724        834         28        104      0.111      0.788      0.816      0.802      0.887 
159    0.83211       3725        833         27        105      0.112      0.795      0.817      0.806      0.888 
160    0.85399       3725        833         27        105      0.112      0.795      0.817      0.806      0.888 
161     0.8724       3727        831         25        107      0.114      0.811      0.817      0.814      0.888 
162    0.83411       3726        832         26        106      0.113      0.803      0.817      0.810      0.888 
163    0.89349       3726        832         26        106      0.113      0.803      0.817      0.810      0.888 
164    0.89787       3726        832         26        106      0.113      0.803      0.817      0.810      0.889 
165    0.85851       3726        832         26        106      0.113      0.803      0.817      0.810      0.889 
166    0.84668       3726        832         26        106      0.113      0.803      0.817      0.810      0.889 
167     0.8276       3727        831         25        107      0.114      0.811      0.817      0.814      0.890 
168     0.8595       3725        833         27        105      0.112      0.795      0.817      0.806      0.889 
169    0.83972       3726        832         26        106      0.113      0.803      0.817      0.810      0.890 
170    0.85921       3726        832         26        106      0.113      0.803      0.817      0.810      0.890 
171    0.86096       3726        832         26        106      0.113      0.803      0.817      0.810      0.890 
172    0.89111       3726        832         26        106      0.113      0.803      0.817      0.810      0.889 
173     0.8879       3726        832         26        106      0.113      0.803      0.817      0.810      0.889 
174    0.83977       3727        831         25        107      0.114      0.811      0.817      0.814      0.890 
175    0.85677       3726        832         26        106      0.113      0.803      0.817      0.810      0.891 
176    0.86586       3726        832         26        106      0.113      0.803      0.817      0.810      0.891 
177    0.87711       3726        832         26        106      0.113      0.803      0.817      0.810      0.890 
178    0.87444       3726        832         26        106      0.113      0.803      0.817      0.810      0.890 
179    0.84993       3726        832         26        106      0.113      0.803      0.817      0.810      0.891 
180    0.85586       3726        832         26        106      0.113      0.803      0.817      0.810      0.891 
181    0.83928       3726        832         26        106      0.113      0.803      0.817      0.810      0.891 
182    0.86591       3726        832         26        106      0.113      0.803      0.817      0.810      0.890 
183    0.87031       3727        831         25        107      0.114      0.811      0.817      0.814      0.890 
184    0.86619       3726        832         26        106      0.113      0.803      0.817      0.810      0.891 
185    0.87508       3727        831         25        107      0.114      0.811      0.817      0.814      0.891 
186    0.82867       3727        831         25        107      0.114      0.811      0.817      0.814      0.891 
187    0.83824       3727        831         25        107      0.114      0.811      0.817      0.814      0.891 
188    0.84591       3726        832         26        106      0.113      0.803      0.817      0.810      0.891 
189    0.84328       3725        833         27        105      0.112      0.795      0.817      0.806      0.891 
190    0.85157       3726        832         26        106      0.113      0.803      0.817      0.810      0.892 
191    0.86611       3728        830         24        108      0.115      0.818      0.818      0.818      0.892 
192    0.84325       3728        830         24        108      0.115      0.818      0.818      0.818      0.892 
193    0.84919       3727        831         25        107      0.114      0.811      0.817      0.814      0.891 
194    0.87146       3727        831         25        107      0.114      0.811      0.817      0.814      0.892 
195    0.88762       3727        831         25        107      0.114      0.811      0.817      0.814      0.892 
196    0.85053       3728        830         24        108      0.115      0.818      0.818      0.818      0.892 
197    0.83122       3728        830         24        108      0.115      0.818      0.818      0.818      0.892 
198    0.85493       3727        831         25        107      0.114      0.811      0.817      0.814      0.892 
199    0.87543       3725        833         27        105      0.112      0.795      0.817      0.806      0.891 
200    0.84911       3728        830         24        108      0.115      0.818      0.818      0.818      0.892 
201    0.82848       3727        831         25        107      0.114      0.811      0.817      0.814      0.893 
202      0.858       3727        831         25        107      0.114      0.811      0.817      0.814      0.893 
203    0.86381       3727        831         25        107      0.114      0.811      0.817      0.814      0.892 
204    0.83218       3727        831         25        107      0.114      0.811      0.817      0.814      0.892 
205    0.84582       3727        831         25        107      0.114      0.811      0.817      0.814      0.893 
206    0.82627       3726        832         26        106      0.113      0.803      0.817      0.810      0.893 
207    0.86224       3727        831         25        107      0.114      0.811      0.817      0.814      0.893 
208    0.83237       3727        831         25        107      0.114      0.811      0.817      0.814      0.892 
209     0.8525       3727        831         25        107      0.114      0.811      0.817      0.814      0.892 
210    0.85381       3727        831         25        107      0.114      0.811      0.817      0.814      0.893 
211    0.83948       3727        831         25        107      0.114      0.811      0.817      0.814      0.893 
212    0.83783       3728        830         24        108      0.115      0.818      0.818      0.818      0.893 
213     0.8377       3727        831         25        107      0.114      0.811      0.817      0.814      0.893 
214    0.85298       3726        832         26        106      0.113      0.803      0.817      0.810      0.892 
215    0.84936       3727        831         25        107      0.114      0.811      0.817      0.814      0.893 
216    0.84983       3728        830         24        108      0.115      0.818      0.818      0.818      0.894 
217    0.85312       3728        830         24        108      0.115      0.818      0.818      0.818      0.894 
218    0.85709       3728        830         24        108      0.115      0.818      0.818      0.818      0.893 
219    0.84015       3727        831         25        107      0.114      0.811      0.817      0.814      0.892 
220    0.86543       3727        831         25        107      0.114      0.811      0.817      0.814      0.893 
221    0.85743       3728        830         24        108      0.115      0.818      0.818      0.818      0.894 
222    0.86271       3728        830         24        108      0.115      0.818      0.818      0.818      0.894 
223    0.82407       3728        830         24        108      0.115      0.818      0.818      0.818      0.894 
224    0.83842       3728        830         24        108      0.115      0.818      0.818      0.818      0.894 
225    0.84859       3727        831         25        107      0.114      0.811      0.817      0.814      0.893 
226    0.84759       3728        830         24        108      0.115      0.818      0.818      0.818      0.894 
227    0.84371       3727        831         25        107      0.114      0.811      0.817      0.814      0.894 
228    0.87329       3727        831         25        107      0.114      0.811      0.817      0.814      0.894 
229    0.86819       3728        830         24        108      0.115      0.818      0.818      0.818      0.893 
230    0.84068       3728        830         24        108      0.115      0.818      0.818      0.818      0.893 
231      0.868       3728        830         24        108      0.115      0.818      0.818      0.818      0.893 
232    0.85559       3728        830         24        108      0.115      0.818      0.818      0.818      0.894 
233    0.85028       3728        830         24        108      0.115      0.818      0.818      0.818      0.894 
234    0.85672       3727        831         25        107      0.114      0.811      0.817      0.814      0.894 
235    0.85549       3726        832         26        106      0.113      0.803      0.817      0.810      0.893 
236    0.84302       3726        832         26        106      0.113      0.803      0.817      0.810      0.893 
237    0.83541       3727        831         25        107      0.114      0.811      0.817      0.814      0.894 
238    0.84478       3727        831         25        107      0.114      0.811      0.817      0.814      0.895 
239    0.82926       3727        831         25        107      0.114      0.811      0.817      0.814      0.895 
240    0.84343       3728        830         24        108      0.115      0.818      0.818      0.818      0.894 
241    0.86035       3727        831         25        107      0.114      0.811      0.817      0.814      0.893 
242    0.84126       3728        830         24        108      0.115      0.818      0.818      0.818      0.894 
243    0.84232       3728        830         24        108      0.115      0.818      0.818      0.818      0.894 
244    0.82844       3726        832         26        106      0.113      0.803      0.817      0.810      0.894 
245    0.84751       3728        830         24        108      0.115      0.818      0.818      0.818      0.895 
246    0.87858       3727        831         25        107      0.114      0.811      0.817      0.814      0.894 
247    0.83731       3726        832         26        106      0.113      0.803      0.817      0.810      0.894 
248    0.84333       3728        830         24        108      0.115      0.818      0.818      0.818      0.894 
249    0.84466       3725        833         27        105      0.112      0.795      0.817      0.806      0.894 
250    0.85936       3726        832         26        106      0.113      0.803      0.817      0.810      0.894 
251    0.84354       3728        830         24        108      0.115      0.818      0.818      0.818      0.894 
252    0.84177       3726        832         26        106      0.113      0.803      0.817      0.810      0.894 
253    0.85541       3728        830         24        108      0.115      0.818      0.818      0.818      0.894 
254    0.82688       3726        832         26        106      0.113      0.803      0.817      0.810      0.895 
255    0.85163       3726        832         26        106      0.113      0.803      0.817      0.810      0.895 
256    0.87288       3726        832         26        106      0.113      0.803      0.817      0.810      0.895 
257    0.82708       3726        832         26        106      0.113      0.803      0.817      0.810      0.894 
258    0.85473       3726        832         26        106      0.113      0.803      0.817      0.810      0.894 
259    0.89083       3726        832         26        106      0.113      0.803      0.817      0.810      0.895 
260    0.83474       3726        832         26        106      0.113      0.803      0.817      0.810      0.895 
261    0.87927       3727        831         25        107      0.114      0.811      0.817      0.814      0.895 
262    0.84048       3726        832         26        106      0.113      0.803      0.817      0.810      0.894 
263    0.87409       3726        832         26        106      0.113      0.803      0.817      0.810      0.893 
264    0.84758       3727        831         25        107      0.114      0.811      0.817      0.814      0.894 
265    0.81551       3728        830         24        108      0.115      0.818      0.818      0.818      0.895 
266    0.84642       3728        830         24        108      0.115      0.818      0.818      0.818      0.895 
267      0.851       3726        832         26        106      0.113      0.803      0.817      0.810      0.895 
268     0.8177       3726        832         26        106      0.113      0.803      0.817      0.810      0.894 
269    0.84321       3726        832         26        106      0.113      0.803      0.817      0.810      0.894 
270    0.82849       3726        832         26        106      0.113      0.803      0.817      0.810      0.894 
271    0.87173       3728        830         24        108      0.115      0.818      0.818      0.818      0.895 
272    0.84907       3728        830         24        108      0.115      0.818      0.818      0.818      0.895 
273     0.8432       3727        831         25        107      0.114      0.811      0.817      0.814      0.894 
274    0.81737       3727        831         25        107      0.114      0.811      0.817      0.814      0.895 
275    0.83922       3728        830         24        108      0.115      0.818      0.818      0.818      0.895 
276    0.83271       3727        831         25        107      0.114      0.811      0.817      0.814      0.895 
277    0.83575       3727        831         25        107      0.114      0.811      0.817      0.814      0.895 
278    0.83025       3727        831         25        107      0.114      0.811      0.817      0.814      0.896 
279    0.83157       3727        831         25        107      0.114      0.811      0.817      0.814      0.896 
280    0.82486       3727        831         25        107      0.114      0.811      0.817      0.814      0.896 
281    0.82631       3727        831         25        107      0.114      0.811      0.817      0.814      0.895 
282    0.84547       3724        834         28        104      0.111      0.788      0.816      0.802      0.894 
283    0.84949       3724        834         28        104      0.111      0.788      0.816      0.802      0.894 
284    0.85703       3726        832         26        106      0.113      0.803      0.817      0.810      0.895 
285    0.85093       3727        831         25        107      0.114      0.811      0.817      0.814      0.896 
286    0.82193       3727        831         25        107      0.114      0.811      0.817      0.814      0.897 
287    0.86098       3727        831         25        107      0.114      0.811      0.817      0.814      0.897 
288    0.82327       3727        831         25        107      0.114      0.811      0.817      0.814      0.896 
289    0.85355       3727        831         25        107      0.114      0.811      0.817      0.814      0.896 
290    0.83454       3727        831         25        107      0.114      0.811      0.817      0.814      0.897 
291    0.82571       3727        831         25        107      0.114      0.811      0.817      0.814      0.897 
292     0.8152       3727        831         25        107      0.114      0.811      0.817      0.814      0.896 
293    0.84445       3726        832         26        106      0.113      0.803      0.817      0.810      0.896 
294    0.81313       3726        832         26        106      0.113      0.803      0.817      0.810      0.895 
295    0.81128       3727        831         25        107      0.114      0.811      0.817      0.814      0.895 
296    0.85909       3728        830         24        108      0.115      0.818      0.818      0.818      0.896 
297    0.83671       3727        831         25        107      0.114      0.811      0.817      0.814      0.897 
298    0.85903       3727        831         25        107      0.114      0.811      0.817      0.814      0.897 
299    0.84701       3727        831         25        107      0.114      0.811      0.817      0.814      0.897 
300    0.82445       3727        831         25        107      0.114      0.811      0.817      0.814      0.896 
