# Number of nodes=5863; Number of edges=33322; Number of node features=5; Model: gcn2.
epoch       loss         tn         fp         fn         tp       prec        rec        acc       bacc        auc 
1     1.4388       3665        893         87         45      0.048      0.341      0.791      0.572      0.606 
2      1.365       3701        857         51         81      0.086      0.614      0.806      0.713      0.798 
3     1.2767       3704        854         48         84      0.090      0.636      0.808      0.725      0.802 
4     1.2586       3704        854         48         84      0.090      0.636      0.808      0.725      0.784 
5     1.2069       3694        864         58         74      0.079      0.561      0.803      0.686      0.744 
6     1.2397       3698        860         54         78      0.083      0.591      0.805      0.701      0.756 
7     1.2007       3703        855         49         83      0.088      0.629      0.807      0.721      0.790 
8     1.1568       3707        851         45         87      0.093      0.659      0.809      0.736      0.811 
9     1.1714       3712        846         40         92      0.098      0.697      0.811      0.756      0.817 
10      1.186       3711        847         41         91      0.097      0.689      0.811      0.752      0.820 
11     1.1569       3710        848         42         90      0.096      0.682      0.810      0.748      0.822 
12     1.1285       3712        846         40         92      0.098      0.697      0.811      0.756      0.827 
13     1.1043       3712        846         40         92      0.098      0.697      0.811      0.756      0.836 
14     1.1315       3714        844         38         94      0.100      0.712      0.812      0.763      0.846 
15     1.1104       3715        843         37         95      0.101      0.720      0.812      0.767      0.851 
16     1.1081       3716        842         36         96      0.102      0.727      0.813      0.771      0.851 
17     1.0983       3716        842         36         96      0.102      0.727      0.813      0.771      0.847 
18     1.0571       3716        842         36         96      0.102      0.727      0.813      0.771      0.841 
19     1.0739       3716        842         36         96      0.102      0.727      0.813      0.771      0.842 
20     1.0627       3715        843         37         95      0.101      0.720      0.812      0.767      0.846 
21     1.0383       3716        842         36         96      0.102      0.727      0.813      0.771      0.849 
22     1.0511       3718        840         34         98      0.104      0.742      0.814      0.779      0.848 
23     1.0475       3719        839         33         99      0.106      0.750      0.814      0.783      0.846 
24      1.068       3715        843         37         95      0.101      0.720      0.812      0.767      0.845 
25     1.0486       3716        842         36         96      0.102      0.727      0.813      0.771      0.847 
26     1.0415       3715        843         37         95      0.101      0.720      0.812      0.767      0.848 
27     1.0141       3716        842         36         96      0.102      0.727      0.813      0.771      0.847 
28     1.0356       3716        842         36         96      0.102      0.727      0.813      0.771      0.845 
29     1.0301       3718        840         34         98      0.104      0.742      0.814      0.779      0.850 
30     1.0144       3718        840         34         98      0.104      0.742      0.814      0.779      0.853 
31     1.0048       3719        839         33         99      0.106      0.750      0.814      0.783      0.852 
32     0.9713       3719        839         33         99      0.106      0.750      0.814      0.783      0.849 
33    0.99998       3719        839         33         99      0.106      0.750      0.814      0.783      0.852 
34     1.0132       3718        840         34         98      0.104      0.742      0.814      0.779      0.858 
35     1.0023       3718        840         34         98      0.104      0.742      0.814      0.779      0.857 
36     1.0135       3719        839         33         99      0.106      0.750      0.814      0.783      0.854 
37     1.0171       3720        838         32        100      0.107      0.758      0.814      0.787      0.855 
38     1.0247       3719        839         33         99      0.106      0.750      0.814      0.783      0.859 
39     1.0122       3720        838         32        100      0.107      0.758      0.814      0.787      0.861 
40     1.0181       3720        838         32        100      0.107      0.758      0.814      0.787      0.859 
41    0.96507       3722        836         30        102      0.109      0.773      0.815      0.795      0.853 
42     1.0101       3723        835         29        103      0.110      0.780      0.816      0.799      0.857 
43    0.99276       3720        838         32        100      0.107      0.758      0.814      0.787      0.861 
44    0.96813       3720        838         32        100      0.107      0.758      0.814      0.787      0.861 
45     1.0065       3720        838         32        100      0.107      0.758      0.814      0.787      0.861 
46     0.9845       3722        836         30        102      0.109      0.773      0.815      0.795      0.858 
47    0.97255       3722        836         30        102      0.109      0.773      0.815      0.795      0.858 
48     1.0226       3720        838         32        100      0.107      0.758      0.814      0.787      0.862 
49    0.97971       3720        838         32        100      0.107      0.758      0.814      0.787      0.863 
50     0.9868       3720        838         32        100      0.107      0.758      0.814      0.787      0.862 
51    0.96349       3722        836         30        102      0.109      0.773      0.815      0.795      0.859 
52    0.97984       3721        837         31        101      0.108      0.765      0.815      0.791      0.860 
53    0.96206       3721        837         31        101      0.108      0.765      0.815      0.791      0.863 
54    0.96606       3718        840         34         98      0.104      0.742      0.814      0.779      0.865 
55    0.97664       3718        840         34         98      0.104      0.742      0.814      0.779      0.865 
56    0.98689       3720        838         32        100      0.107      0.758      0.814      0.787      0.864 
57    0.97978       3720        838         32        100      0.107      0.758      0.814      0.787      0.863 
58    0.99405       3720        838         32        100      0.107      0.758      0.814      0.787      0.865 
59    0.94662       3719        839         33         99      0.106      0.750      0.814      0.783      0.867 
60    0.97168       3719        839         33         99      0.106      0.750      0.814      0.783      0.867 
61    0.99837       3720        838         32        100      0.107      0.758      0.814      0.787      0.867 
62    0.96613       3720        838         32        100      0.107      0.758      0.814      0.787      0.867 
63    0.95358       3721        837         31        101      0.108      0.765      0.815      0.791      0.868 
64    0.96881       3720        838         32        100      0.107      0.758      0.814      0.787      0.869 
65    0.95676       3720        838         32        100      0.107      0.758      0.814      0.787      0.869 
66    0.94617       3721        837         31        101      0.108      0.765      0.815      0.791      0.869 
67    0.98986       3721        837         31        101      0.108      0.765      0.815      0.791      0.870 
68    0.95924       3722        836         30        102      0.109      0.773      0.815      0.795      0.869 
69    0.96151       3722        836         30        102      0.109      0.773      0.815      0.795      0.870 
70    0.93571       3722        836         30        102      0.109      0.773      0.815      0.795      0.870 
71     0.9549       3721        837         31        101      0.108      0.765      0.815      0.791      0.870 
72    0.94034       3722        836         30        102      0.109      0.773      0.815      0.795      0.870 
73    0.92808       3722        836         30        102      0.109      0.773      0.815      0.795      0.869 
74    0.95307       3722        836         30        102      0.109      0.773      0.815      0.795      0.871 
75    0.94757       3723        835         29        103      0.110      0.780      0.816      0.799      0.872 
76     0.9518       3723        835         29        103      0.110      0.780      0.816      0.799      0.872 
77    0.95351       3724        834         28        104      0.111      0.788      0.816      0.802      0.873 
78    0.95429       3723        835         29        103      0.110      0.780      0.816      0.799      0.874 
79    0.96083       3722        836         30        102      0.109      0.773      0.815      0.795      0.875 
80     0.9461       3722        836         30        102      0.109      0.773      0.815      0.795      0.876 
81    0.94405       3723        835         29        103      0.110      0.780      0.816      0.799      0.876 
82    0.94929       3722        836         30        102      0.109      0.773      0.815      0.795      0.876 
83    0.91444       3722        836         30        102      0.109      0.773      0.815      0.795      0.877 
84    0.92063       3723        835         29        103      0.110      0.780      0.816      0.799      0.877 
85    0.92087       3723        835         29        103      0.110      0.780      0.816      0.799      0.876 
86    0.92751       3723        835         29        103      0.110      0.780      0.816      0.799      0.877 
87     0.9258       3723        835         29        103      0.110      0.780      0.816      0.799      0.876 
88    0.93996       3723        835         29        103      0.110      0.780      0.816      0.799      0.876 
89    0.94783       3723        835         29        103      0.110      0.780      0.816      0.799      0.875 
90    0.98025       3723        835         29        103      0.110      0.780      0.816      0.799      0.878 
91    0.90407       3723        835         29        103      0.110      0.780      0.816      0.799      0.879 
92    0.94523       3723        835         29        103      0.110      0.780      0.816      0.799      0.879 
93    0.95249       3722        836         30        102      0.109      0.773      0.815      0.795      0.878 
94     0.9295       3722        836         30        102      0.109      0.773      0.815      0.795      0.879 
95    0.93991       3723        835         29        103      0.110      0.780      0.816      0.799      0.881 
96    0.95482       3723        835         29        103      0.110      0.780      0.816      0.799      0.881 
97    0.93108       3723        835         29        103      0.110      0.780      0.816      0.799      0.879 
98    0.92779       3725        833         27        105      0.112      0.795      0.817      0.806      0.878 
99    0.90843       3725        833         27        105      0.112      0.795      0.817      0.806      0.879 
100    0.92755       3725        833         27        105      0.112      0.795      0.817      0.806      0.880 
101    0.92277       3725        833         27        105      0.112      0.795      0.817      0.806      0.880 
102    0.90709       3725        833         27        105      0.112      0.795      0.817      0.806      0.879 
103    0.88712       3723        835         29        103      0.110      0.780      0.816      0.799      0.878 
104    0.94802       3723        835         29        103      0.110      0.780      0.816      0.799      0.882 
105    0.93902       3722        836         30        102      0.109      0.773      0.815      0.795      0.882 
106    0.96289       3723        835         29        103      0.110      0.780      0.816      0.799      0.882 
107    0.93511       3724        834         28        104      0.111      0.788      0.816      0.802      0.878 
108    0.95693       3723        835         29        103      0.110      0.780      0.816      0.799      0.880 
109    0.91009       3723        835         29        103      0.110      0.780      0.816      0.799      0.883 
110    0.90143       3723        835         29        103      0.110      0.780      0.816      0.799      0.883 
111    0.93701       3723        835         29        103      0.110      0.780      0.816      0.799      0.883 
112      0.928       3724        834         28        104      0.111      0.788      0.816      0.802      0.882 
113    0.94338       3725        833         27        105      0.112      0.795      0.817      0.806      0.882 
114     0.9037       3726        832         26        106      0.113      0.803      0.817      0.810      0.882 
115    0.90906       3726        832         26        106      0.113      0.803      0.817      0.810      0.882 
116    0.87425       3726        832         26        106      0.113      0.803      0.817      0.810      0.881 
117    0.88613       3726        832         26        106      0.113      0.803      0.817      0.810      0.880 
118      0.895       3725        833         27        105      0.112      0.795      0.817      0.806      0.882 
119    0.90822       3725        833         27        105      0.112      0.795      0.817      0.806      0.884 
120    0.91389       3724        834         28        104      0.111      0.788      0.816      0.802      0.885 
121    0.90052       3725        833         27        105      0.112      0.795      0.817      0.806      0.883 
122    0.89753       3725        833         27        105      0.112      0.795      0.817      0.806      0.883 
123    0.91437       3725        833         27        105      0.112      0.795      0.817      0.806      0.884 
124    0.88279       3727        831         25        107      0.114      0.811      0.817      0.814      0.884 
125    0.91462       3725        833         27        105      0.112      0.795      0.817      0.806      0.883 
126    0.94262       3726        832         26        106      0.113      0.803      0.817      0.810      0.881 
127    0.89181       3726        832         26        106      0.113      0.803      0.817      0.810      0.879 
128    0.90409       3726        832         26        106      0.113      0.803      0.817      0.810      0.881 
129    0.87776       3725        833         27        105      0.112      0.795      0.817      0.806      0.883 
130    0.88428       3726        832         26        106      0.113      0.803      0.817      0.810      0.885 
131    0.88464       3725        833         27        105      0.112      0.795      0.817      0.806      0.886 
132     0.8806       3725        833         27        105      0.112      0.795      0.817      0.806      0.886 
133    0.89111       3725        833         27        105      0.112      0.795      0.817      0.806      0.887 
134    0.86767       3725        833         27        105      0.112      0.795      0.817      0.806      0.886 
135    0.88374       3726        832         26        106      0.113      0.803      0.817      0.810      0.885 
136    0.89822       3725        833         27        105      0.112      0.795      0.817      0.806      0.885 
137    0.88887       3726        832         26        106      0.113      0.803      0.817      0.810      0.884 
138    0.91552       3726        832         26        106      0.113      0.803      0.817      0.810      0.883 
139    0.90825       3726        832         26        106      0.113      0.803      0.817      0.810      0.884 
140    0.91979       3726        832         26        106      0.113      0.803      0.817      0.810      0.886 
141    0.89241       3726        832         26        106      0.113      0.803      0.817      0.810      0.887 
142    0.85372       3725        833         27        105      0.112      0.795      0.817      0.806      0.886 
143    0.88559       3725        833         27        105      0.112      0.795      0.817      0.806      0.887 
144    0.91691       3726        832         26        106      0.113      0.803      0.817      0.810      0.888 
145    0.87825       3726        832         26        106      0.113      0.803      0.817      0.810      0.888 
146    0.88963       3725        833         27        105      0.112      0.795      0.817      0.806      0.886 
147    0.88723       3726        832         26        106      0.113      0.803      0.817      0.810      0.885 
148     0.8959       3727        831         25        107      0.114      0.811      0.817      0.814      0.886 
149    0.87974       3726        832         26        106      0.113      0.803      0.817      0.810      0.887 
150    0.85763       3727        831         25        107      0.114      0.811      0.817      0.814      0.886 
151    0.85858       3726        832         26        106      0.113      0.803      0.817      0.810      0.885 
152    0.88953       3725        833         27        105      0.112      0.795      0.817      0.806      0.886 
153    0.87245       3725        833         27        105      0.112      0.795      0.817      0.806      0.887 
154    0.90101       3728        830         24        108      0.115      0.818      0.818      0.818      0.888 
155    0.88825       3726        832         26        106      0.113      0.803      0.817      0.810      0.888 
156    0.89669       3727        831         25        107      0.114      0.811      0.817      0.814      0.888 
157    0.88728       3724        834         28        104      0.111      0.788      0.816      0.802      0.887 
158    0.88878       3726        832         26        106      0.113      0.803      0.817      0.810      0.888 
159    0.87465       3728        830         24        108      0.115      0.818      0.818      0.818      0.887 
160    0.88342       3728        830         24        108      0.115      0.818      0.818      0.818      0.887 
161    0.86609       3726        832         26        106      0.113      0.803      0.817      0.810      0.886 
162    0.88559       3725        833         27        105      0.112      0.795      0.817      0.806      0.886 
163    0.87695       3726        832         26        106      0.113      0.803      0.817      0.810      0.888 
164    0.89643       3727        831         25        107      0.114      0.811      0.817      0.814      0.889 
165    0.89209       3726        832         26        106      0.113      0.803      0.817      0.810      0.889 
166    0.88133       3726        832         26        106      0.113      0.803      0.817      0.810      0.888 
167    0.89577       3725        833         27        105      0.112      0.795      0.817      0.806      0.888 
168    0.88907       3728        830         24        108      0.115      0.818      0.818      0.818      0.888 
169    0.87271       3727        831         25        107      0.114      0.811      0.817      0.814      0.888 
170    0.89466       3728        830         24        108      0.115      0.818      0.818      0.818      0.887 
171    0.88566       3727        831         25        107      0.114      0.811      0.817      0.814      0.887 
172    0.92509       3728        830         24        108      0.115      0.818      0.818      0.818      0.888 
173    0.87991       3727        831         25        107      0.114      0.811      0.817      0.814      0.889 
174    0.87009       3727        831         25        107      0.114      0.811      0.817      0.814      0.889 
175    0.91145       3726        832         26        106      0.113      0.803      0.817      0.810      0.889 
176    0.86043       3726        832         26        106      0.113      0.803      0.817      0.810      0.889 
177    0.87597       3729        829         23        109      0.116      0.826      0.818      0.822      0.889 
178    0.85147       3728        830         24        108      0.115      0.818      0.818      0.818      0.888 
179    0.89124       3729        829         23        109      0.116      0.826      0.818      0.822      0.889 
180    0.87262       3728        830         24        108      0.115      0.818      0.818      0.818      0.888 
181    0.86565       3728        830         24        108      0.115      0.818      0.818      0.818      0.888 
182    0.87805       3728        830         24        108      0.115      0.818      0.818      0.818      0.889 
183    0.89877       3729        829         23        109      0.116      0.826      0.818      0.822      0.890 
184    0.86107       3730        828         22        110      0.117      0.833      0.819      0.826      0.891 
185    0.87102       3729        829         23        109      0.116      0.826      0.818      0.822      0.891 
186    0.87381       3729        829         23        109      0.116      0.826      0.818      0.822      0.891 
187     0.8956       3729        829         23        109      0.116      0.826      0.818      0.822      0.890 
188    0.86545       3728        830         24        108      0.115      0.818      0.818      0.818      0.890 
189    0.89666       3727        831         25        107      0.114      0.811      0.817      0.814      0.889 
190    0.86942       3727        831         25        107      0.114      0.811      0.817      0.814      0.889 
191    0.89733       3729        829         23        109      0.116      0.826      0.818      0.822      0.890 
192    0.90678       3729        829         23        109      0.116      0.826      0.818      0.822      0.891 
193    0.88133       3729        829         23        109      0.116      0.826      0.818      0.822      0.891 
194    0.90463       3728        830         24        108      0.115      0.818      0.818      0.818      0.891 
195    0.88479       3727        831         25        107      0.114      0.811      0.817      0.814      0.891 
196    0.85607       3727        831         25        107      0.114      0.811      0.817      0.814      0.891 
197    0.86985       3729        829         23        109      0.116      0.826      0.818      0.822      0.891 
198    0.84826       3729        829         23        109      0.116      0.826      0.818      0.822      0.891 
199    0.87426       3728        830         24        108      0.115      0.818      0.818      0.818      0.890 
200     0.8859       3729        829         23        109      0.116      0.826      0.818      0.822      0.891 
201    0.88416       3730        828         22        110      0.117      0.833      0.819      0.826      0.891 
202    0.89217       3730        828         22        110      0.117      0.833      0.819      0.826      0.891 
203    0.86052       3728        830         24        108      0.115      0.818      0.818      0.818      0.890 
204    0.84438       3728        830         24        108      0.115      0.818      0.818      0.818      0.891 
205    0.86344       3730        828         22        110      0.117      0.833      0.819      0.826      0.891 
206    0.85748       3730        828         22        110      0.117      0.833      0.819      0.826      0.891 
207    0.85544       3729        829         23        109      0.116      0.826      0.818      0.822      0.891 
208    0.88239       3728        830         24        108      0.115      0.818      0.818      0.818      0.890 
209    0.86235       3729        829         23        109      0.116      0.826      0.818      0.822      0.891 
210    0.85092       3729        829         23        109      0.116      0.826      0.818      0.822      0.892 
211    0.84933       3728        830         24        108      0.115      0.818      0.818      0.818      0.892 
212      0.869       3727        831         25        107      0.114      0.811      0.817      0.814      0.891 
213    0.89668       3728        830         24        108      0.115      0.818      0.818      0.818      0.891 
214    0.86606       3728        830         24        108      0.115      0.818      0.818      0.818      0.892 
215    0.84318       3728        830         24        108      0.115      0.818      0.818      0.818      0.891 
216    0.87896       3728        830         24        108      0.115      0.818      0.818      0.818      0.891 
217    0.85681       3728        830         24        108      0.115      0.818      0.818      0.818      0.890 
218    0.85339       3728        830         24        108      0.115      0.818      0.818      0.818      0.889 
219    0.87194       3728        830         24        108      0.115      0.818      0.818      0.818      0.890 
220    0.86034       3730        828         22        110      0.117      0.833      0.819      0.826      0.892 
221    0.87354       3730        828         22        110      0.117      0.833      0.819      0.826      0.893 
222    0.84312       3730        828         22        110      0.117      0.833      0.819      0.826      0.893 
223    0.88665       3729        829         23        109      0.116      0.826      0.818      0.822      0.893 
224    0.87019       3731        827         21        111      0.118      0.841      0.819      0.830      0.893 
225    0.87122       3730        828         22        110      0.117      0.833      0.819      0.826      0.893 
226    0.86153       3730        828         22        110      0.117      0.833      0.819      0.826      0.892 
227    0.84476       3729        829         23        109      0.116      0.826      0.818      0.822      0.890 
228    0.85592       3729        829         23        109      0.116      0.826      0.818      0.822      0.890 
229    0.85874       3730        828         22        110      0.117      0.833      0.819      0.826      0.891 
230    0.83352       3729        829         23        109      0.116      0.826      0.818      0.822      0.892 
231    0.82551       3729        829         23        109      0.116      0.826      0.818      0.822      0.892 
232    0.87928       3729        829         23        109      0.116      0.826      0.818      0.822      0.893 
233    0.84299       3729        829         23        109      0.116      0.826      0.818      0.822      0.893 
234    0.87828       3728        830         24        108      0.115      0.818      0.818      0.818      0.893 
235     0.8456       3729        829         23        109      0.116      0.826      0.818      0.822      0.893 
236    0.86432       3729        829         23        109      0.116      0.826      0.818      0.822      0.894 
237    0.86888       3730        828         22        110      0.117      0.833      0.819      0.826      0.894 
238    0.85307       3731        827         21        111      0.118      0.841      0.819      0.830      0.893 
239    0.87816       3730        828         22        110      0.117      0.833      0.819      0.826      0.893 
240     0.8595       3731        827         21        111      0.118      0.841      0.819      0.830      0.894 
241    0.85284       3731        827         21        111      0.118      0.841      0.819      0.830      0.894 
242    0.84283       3731        827         21        111      0.118      0.841      0.819      0.830      0.894 
243     0.8674       3730        828         22        110      0.117      0.833      0.819      0.826      0.894 
244    0.86534       3730        828         22        110      0.117      0.833      0.819      0.826      0.895 
245    0.83616       3730        828         22        110      0.117      0.833      0.819      0.826      0.894 
246    0.86518       3731        827         21        111      0.118      0.841      0.819      0.830      0.895 
247    0.84482       3731        827         21        111      0.118      0.841      0.819      0.830      0.895 
248    0.87396       3731        827         21        111      0.118      0.841      0.819      0.830      0.895 
249    0.85559       3731        827         21        111      0.118      0.841      0.819      0.830      0.895 
250    0.83307       3731        827         21        111      0.118      0.841      0.819      0.830      0.894 
251    0.84319       3731        827         21        111      0.118      0.841      0.819      0.830      0.895 
252    0.86131       3731        827         21        111      0.118      0.841      0.819      0.830      0.895 
253    0.84432       3731        827         21        111      0.118      0.841      0.819      0.830      0.895 
254    0.84375       3731        827         21        111      0.118      0.841      0.819      0.830      0.896 
255    0.83086       3730        828         22        110      0.117      0.833      0.819      0.826      0.896 
256    0.86285       3730        828         22        110      0.117      0.833      0.819      0.826      0.895 
257    0.81714       3730        828         22        110      0.117      0.833      0.819      0.826      0.895 
258    0.84051       3730        828         22        110      0.117      0.833      0.819      0.826      0.895 
259    0.83764       3730        828         22        110      0.117      0.833      0.819      0.826      0.896 
260    0.81375       3731        827         21        111      0.118      0.841      0.819      0.830      0.896 
261    0.84419       3731        827         21        111      0.118      0.841      0.819      0.830      0.896 
262    0.84694       3730        828         22        110      0.117      0.833      0.819      0.826      0.897 
263    0.83996       3731        827         21        111      0.118      0.841      0.819      0.830      0.897 
264    0.83234       3731        827         21        111      0.118      0.841      0.819      0.830      0.897 
265    0.84468       3730        828         22        110      0.117      0.833      0.819      0.826      0.897 
266    0.86312       3731        827         21        111      0.118      0.841      0.819      0.830      0.896 
267    0.88623       3731        827         21        111      0.118      0.841      0.819      0.830      0.896 
268    0.85269       3731        827         21        111      0.118      0.841      0.819      0.830      0.896 
269    0.83604       3730        828         22        110      0.117      0.833      0.819      0.826      0.896 
270    0.84624       3731        827         21        111      0.118      0.841      0.819      0.830      0.897 
271    0.89138       3732        826         20        112      0.119      0.848      0.820      0.834      0.898 
272    0.86275       3731        827         21        111      0.118      0.841      0.819      0.830      0.898 
273    0.82129       3731        827         21        111      0.118      0.841      0.819      0.830      0.898 
274    0.86995       3730        828         22        110      0.117      0.833      0.819      0.826      0.898 
275    0.85871       3730        828         22        110      0.117      0.833      0.819      0.826      0.898 
276    0.84571       3731        827         21        111      0.118      0.841      0.819      0.830      0.897 
277    0.86544       3730        828         22        110      0.117      0.833      0.819      0.826      0.896 
278    0.84648       3732        826         20        112      0.119      0.848      0.820      0.834      0.896 
279    0.84184       3732        826         20        112      0.119      0.848      0.820      0.834      0.896 
280    0.82156       3732        826         20        112      0.119      0.848      0.820      0.834      0.897 
281    0.85273       3731        827         21        111      0.118      0.841      0.819      0.830      0.897 
282    0.82989       3730        828         22        110      0.117      0.833      0.819      0.826      0.898 
283    0.82314       3730        828         22        110      0.117      0.833      0.819      0.826      0.897 
284    0.84332       3731        827         21        111      0.118      0.841      0.819      0.830      0.898 
285    0.85617       3731        827         21        111      0.118      0.841      0.819      0.830      0.897 
286     0.8531       3731        827         21        111      0.118      0.841      0.819      0.830      0.898 
287    0.87793       3731        827         21        111      0.118      0.841      0.819      0.830      0.898 
288    0.82501       3731        827         21        111      0.118      0.841      0.819      0.830      0.897 
289    0.85492       3731        827         21        111      0.118      0.841      0.819      0.830      0.898 
290     0.8278       3731        827         21        111      0.118      0.841      0.819      0.830      0.898 
291    0.87921       3731        827         21        111      0.118      0.841      0.819      0.830      0.898 
292    0.85764       3729        829         23        109      0.116      0.826      0.818      0.822      0.898 
293    0.84075       3729        829         23        109      0.116      0.826      0.818      0.822      0.898 
294    0.84394       3731        827         21        111      0.118      0.841      0.819      0.830      0.898 
295    0.86307       3731        827         21        111      0.118      0.841      0.819      0.830      0.897 
296    0.87372       3731        827         21        111      0.118      0.841      0.819      0.830      0.897 
297    0.83983       3731        827         21        111      0.118      0.841      0.819      0.830      0.896 
298    0.82946       3730        828         22        110      0.117      0.833      0.819      0.826      0.895 
299    0.85944       3732        826         20        112      0.119      0.848      0.820      0.834      0.898 
300    0.82233       3731        827         21        111      0.118      0.841      0.819      0.830      0.899 
