# Number of nodes=5863; Number of edges=33322; Number of node features=5; Model: gtn.
epoch       loss         tn         fp         fn         tp       prec        rec        acc       bacc        auc 
1     2.1226       3681        877         71         61      0.065      0.462      0.798      0.635      0.754 
2     2.5504       3687        871         65         67      0.071      0.508      0.800      0.658      0.759 
3     1.6675       3685        873         67         65      0.069      0.492      0.800      0.650      0.704 
4     1.2924       3677        881         75         57      0.061      0.432      0.796      0.619      0.628 
5      1.343       3676        882         76         56      0.060      0.424      0.796      0.615      0.639 
6     1.3239       3686        872         66         66      0.070      0.500      0.800      0.654      0.671 
7      1.265       3689        869         63         69      0.074      0.523      0.801      0.666      0.700 
8     1.2147       3696        862         56         76      0.081      0.576      0.804      0.693      0.723 
9     1.1507       3698        860         54         78      0.083      0.591      0.805      0.701      0.738 
10     1.1475       3698        860         54         78      0.083      0.591      0.805      0.701      0.750 
11     1.1342       3699        859         53         79      0.084      0.598      0.806      0.705      0.759 
12     1.1455       3700        858         52         80      0.085      0.606      0.806      0.709      0.765 
13     1.1475       3700        858         52         80      0.085      0.606      0.806      0.709      0.770 
14     1.1286       3700        858         52         80      0.085      0.606      0.806      0.709      0.775 
15     1.1276       3700        858         52         80      0.085      0.606      0.806      0.709      0.780 
16     1.1199       3702        856         50         82      0.087      0.621      0.807      0.717      0.784 
17     1.1007       3704        854         48         84      0.090      0.636      0.808      0.725      0.788 
18     1.0669       3707        851         45         87      0.093      0.659      0.809      0.736      0.791 
19     1.0645       3707        851         45         87      0.093      0.659      0.809      0.736      0.793 
20     1.0631       3709        849         43         89      0.095      0.674      0.810      0.744      0.796 
21     1.0842       3710        848         42         90      0.096      0.682      0.810      0.748      0.798 
22     1.0786       3710        848         42         90      0.096      0.682      0.810      0.748      0.801 
23     1.0575       3709        849         43         89      0.095      0.674      0.810      0.744      0.805 
24     1.0356       3711        847         41         91      0.097      0.689      0.811      0.752      0.809 
25       1.02       3711        847         41         91      0.097      0.689      0.811      0.752      0.813 
26     1.0263       3711        847         41         91      0.097      0.689      0.811      0.752      0.817 
27      1.049       3712        846         40         92      0.098      0.697      0.811      0.756      0.821 
28     1.0452       3712        846         40         92      0.098      0.697      0.811      0.756      0.824 
29      1.003       3712        846         40         92      0.098      0.697      0.811      0.756      0.827 
30     1.0074       3713        845         39         93      0.099      0.705      0.812      0.760      0.830 
31    0.98971       3714        844         38         94      0.100      0.712      0.812      0.763      0.831 
32    0.98264       3714        844         38         94      0.100      0.712      0.812      0.763      0.833 
33     1.0054       3714        844         38         94      0.100      0.712      0.812      0.763      0.834 
34    0.98406       3713        845         39         93      0.099      0.705      0.812      0.760      0.835 
35     0.9897       3712        846         40         92      0.098      0.697      0.811      0.756      0.836 
36    0.98738       3712        846         40         92      0.098      0.697      0.811      0.756      0.838 
37    0.99811       3714        844         38         94      0.100      0.712      0.812      0.763      0.841 
38    0.99059       3714        844         38         94      0.100      0.712      0.812      0.763      0.845 
39    0.97131       3717        841         35         97      0.103      0.735      0.813      0.775      0.849 
40    0.94791       3719        839         33         99      0.106      0.750      0.814      0.783      0.853 
41    0.93816       3719        839         33         99      0.106      0.750      0.814      0.783      0.858 
42    0.94579       3719        839         33         99      0.106      0.750      0.814      0.783      0.863 
43    0.92239       3719        839         33         99      0.106      0.750      0.814      0.783      0.866 
44    0.93719       3719        839         33         99      0.106      0.750      0.814      0.783      0.868 
45    0.93965       3719        839         33         99      0.106      0.750      0.814      0.783      0.870 
46    0.92409       3721        837         31        101      0.108      0.765      0.815      0.791      0.873 
47    0.94297       3723        835         29        103      0.110      0.780      0.816      0.799      0.876 
48    0.91871       3725        833         27        105      0.112      0.795      0.817      0.806      0.879 
49    0.86492       3725        833         27        105      0.112      0.795      0.817      0.806      0.881 
50    0.88059       3725        833         27        105      0.112      0.795      0.817      0.806      0.884 
51    0.86581       3725        833         27        105      0.112      0.795      0.817      0.806      0.887 
52    0.88688       3726        832         26        106      0.113      0.803      0.817      0.810      0.889 
53    0.87542       3726        832         26        106      0.113      0.803      0.817      0.810      0.892 
54    0.88139       3727        831         25        107      0.114      0.811      0.817      0.814      0.894 
55    0.84518       3727        831         25        107      0.114      0.811      0.817      0.814      0.897 
56    0.82095       3727        831         25        107      0.114      0.811      0.817      0.814      0.898 
57    0.85972       3728        830         24        108      0.115      0.818      0.818      0.818      0.898 
58    0.82826       3730        828         22        110      0.117      0.833      0.819      0.826      0.900 
59    0.83907       3730        828         22        110      0.117      0.833      0.819      0.826      0.902 
60    0.84358       3732        826         20        112      0.119      0.848      0.820      0.834      0.909 
61    0.84155       3733        825         19        113      0.120      0.856      0.820      0.838      0.911 
62    0.78726       3731        827         21        111      0.118      0.841      0.819      0.830      0.910 
63     0.8302       3733        825         19        113      0.120      0.856      0.820      0.838      0.915 
64    0.82025       3732        826         20        112      0.119      0.848      0.820      0.834      0.917 
65    0.77177       3732        826         20        112      0.119      0.848      0.820      0.834      0.919 
66     0.8189       3732        826         20        112      0.119      0.848      0.820      0.834      0.920 
67    0.82885       3733        825         19        113      0.120      0.856      0.820      0.838      0.920 
68    0.76286       3733        825         19        113      0.120      0.856      0.820      0.838      0.920 
69    0.84587       3734        824         18        114      0.122      0.864      0.820      0.841      0.921 
70    0.80522       3735        823         17        115      0.123      0.871      0.821      0.845      0.923 
71    0.74614       3736        822         16        116      0.124      0.879      0.821      0.849      0.922 
72    0.78416       3736        822         16        116      0.124      0.879      0.821      0.849      0.922 
73     0.8071       3737        821         15        117      0.125      0.886      0.822      0.853      0.928 
74    0.75934       3738        820         14        118      0.126      0.894      0.822      0.857      0.930 
75    0.71542       3739        819         13        119      0.127      0.902      0.823      0.861      0.931 
76     0.7518       3739        819         13        119      0.127      0.902      0.823      0.861      0.933 
77    0.76832       3738        820         14        118      0.126      0.894      0.822      0.857      0.935 
78    0.73456       3739        819         13        119      0.127      0.902      0.823      0.861      0.937 
79    0.71466       3741        817         11        121      0.129      0.917      0.823      0.869      0.938 
80    0.72705       3740        818         12        120      0.128      0.909      0.823      0.865      0.939 
81    0.75197       3740        818         12        120      0.128      0.909      0.823      0.865      0.939 
82    0.75154       3741        817         11        121      0.129      0.917      0.823      0.869      0.941 
83    0.74222       3742        816         10        122      0.130      0.924      0.824      0.873      0.942 
84      0.715       3743        815          9        123      0.131      0.932      0.824      0.877      0.944 
85    0.70741       3743        815          9        123      0.131      0.932      0.824      0.877      0.944 
86     0.6952       3742        816         10        122      0.130      0.924      0.824      0.873      0.942 
87    0.70166       3742        816         10        122      0.130      0.924      0.824      0.873      0.941 
88    0.72587       3744        814          8        124      0.132      0.939      0.825      0.880      0.942 
89    0.68162       3745        813          7        125      0.133      0.947      0.825      0.884      0.946 
90    0.72041       3745        813          7        125      0.133      0.947      0.825      0.884      0.946 
91    0.69754       3744        814          8        124      0.132      0.939      0.825      0.880      0.945 
92    0.67126       3744        814          8        124      0.132      0.939      0.825      0.880      0.945 
93    0.68807       3744        814          8        124      0.132      0.939      0.825      0.880      0.946 
94    0.67812       3743        815          9        123      0.131      0.932      0.824      0.877      0.942 
95    0.70822       3744        814          8        124      0.132      0.939      0.825      0.880      0.948 
96    0.70464       3743        815          9        123      0.131      0.932      0.824      0.877      0.948 
97    0.70697       3745        813          7        125      0.133      0.947      0.825      0.884      0.950 
98    0.64086       3745        813          7        125      0.133      0.947      0.825      0.884      0.951 
99    0.68919       3745        813          7        125      0.133      0.947      0.825      0.884      0.952 
100    0.64007       3746        812          6        126      0.134      0.955      0.826      0.888      0.952 
101    0.70919       3744        814          8        124      0.132      0.939      0.825      0.880      0.948 
102    0.65346       3747        811          5        127      0.135      0.962      0.826      0.892      0.952 
103    0.66032       3747        811          5        127      0.135      0.962      0.826      0.892      0.953 
104     0.6604       3747        811          5        127      0.135      0.962      0.826      0.892      0.953 
105    0.63319       3748        810          4        128      0.136      0.970      0.826      0.896      0.955 
106    0.63991       3748        810          4        128      0.136      0.970      0.826      0.896      0.955 
107    0.65914       3748        810          4        128      0.136      0.970      0.826      0.896      0.956 
108    0.65122       3748        810          4        128      0.136      0.970      0.826      0.896      0.956 
109     0.6304       3748        810          4        128      0.136      0.970      0.826      0.896      0.956 
110    0.62968       3748        810          4        128      0.136      0.970      0.826      0.896      0.956 
111    0.64219       3749        809          3        129      0.138      0.977      0.827      0.900      0.955 
112    0.65421       3748        810          4        128      0.136      0.970      0.826      0.896      0.956 
113    0.63187       3748        810          4        128      0.136      0.970      0.826      0.896      0.956 
114    0.67293       3748        810          4        128      0.136      0.970      0.826      0.896      0.956 
115    0.62328       3747        811          5        127      0.135      0.962      0.826      0.892      0.956 
116     0.6386       3747        811          5        127      0.135      0.962      0.826      0.892      0.957 
117    0.66198       3747        811          5        127      0.135      0.962      0.826      0.892      0.957 
118    0.62254       3747        811          5        127      0.135      0.962      0.826      0.892      0.959 
119    0.61083       3747        811          5        127      0.135      0.962      0.826      0.892      0.960 
120    0.63688       3747        811          5        127      0.135      0.962      0.826      0.892      0.960 
121    0.63739       3748        810          4        128      0.136      0.970      0.826      0.896      0.960 
122    0.64024       3749        809          3        129      0.138      0.977      0.827      0.900      0.961 
123    0.58682       3750        808          2        130      0.139      0.985      0.827      0.904      0.962 
124    0.69367       3750        808          2        130      0.139      0.985      0.827      0.904      0.963 
125    0.69237       3751        807          1        131      0.140      0.992      0.828      0.908      0.963 
126    0.63546       3751        807          1        131      0.140      0.992      0.828      0.908      0.964 
127    0.64078       3750        808          2        130      0.139      0.985      0.827      0.904      0.965 
128    0.63045       3750        808          2        130      0.139      0.985      0.827      0.904      0.965 
129    0.60233       3750        808          2        130      0.139      0.985      0.827      0.904      0.965 
130    0.64416       3750        808          2        130      0.139      0.985      0.827      0.904      0.965 
131    0.57708       3750        808          2        130      0.139      0.985      0.827      0.904      0.966 
132    0.60559       3749        809          3        129      0.138      0.977      0.827      0.900      0.963 
133    0.60403       3750        808          2        130      0.139      0.985      0.827      0.904      0.964 
134    0.62538       3750        808          2        130      0.139      0.985      0.827      0.904      0.963 
135    0.60768       3750        808          2        130      0.139      0.985      0.827      0.904      0.963 
136    0.60289       3749        809          3        129      0.138      0.977      0.827      0.900      0.964 
137     0.5628       3749        809          3        129      0.138      0.977      0.827      0.900      0.966 
138    0.62287       3749        809          3        129      0.138      0.977      0.827      0.900      0.967 
139    0.58093       3750        808          2        130      0.139      0.985      0.827      0.904      0.967 
140    0.58584       3750        808          2        130      0.139      0.985      0.827      0.904      0.968 
141    0.58484       3749        809          3        129      0.138      0.977      0.827      0.900      0.968 
142    0.55859       3749        809          3        129      0.138      0.977      0.827      0.900      0.969 
143    0.58521       3750        808          2        130      0.139      0.985      0.827      0.904      0.970 
144    0.58113       3750        808          2        130      0.139      0.985      0.827      0.904      0.969 
145    0.55683       3750        808          2        130      0.139      0.985      0.827      0.904      0.969 
146    0.57907       3750        808          2        130      0.139      0.985      0.827      0.904      0.969 
147    0.58411       3750        808          2        130      0.139      0.985      0.827      0.904      0.969 
148    0.56936       3750        808          2        130      0.139      0.985      0.827      0.904      0.970 
149    0.55998       3750        808          2        130      0.139      0.985      0.827      0.904      0.970 
150    0.54913       3749        809          3        129      0.138      0.977      0.827      0.900      0.969 
151    0.56737       3750        808          2        130      0.139      0.985      0.827      0.904      0.972 
152    0.56021       3751        807          1        131      0.140      0.992      0.828      0.908      0.974 
153    0.55323       3751        807          1        131      0.140      0.992      0.828      0.908      0.975 
154    0.52458       3751        807          1        131      0.140      0.992      0.828      0.908      0.975 
155    0.55862       3751        807          1        131      0.140      0.992      0.828      0.908      0.974 
156    0.52667       3751        807          1        131      0.140      0.992      0.828      0.908      0.975 
157    0.52218       3751        807          1        131      0.140      0.992      0.828      0.908      0.975 
158    0.57707       3751        807          1        131      0.140      0.992      0.828      0.908      0.974 
159     0.6046       3750        808          2        130      0.139      0.985      0.827      0.904      0.973 
160    0.53907       3749        809          3        129      0.138      0.977      0.827      0.900      0.972 
161    0.55255       3750        808          2        130      0.139      0.985      0.827      0.904      0.972 
162    0.56365       3750        808          2        130      0.139      0.985      0.827      0.904      0.973 
163    0.56755       3750        808          2        130      0.139      0.985      0.827      0.904      0.974 
164    0.55684       3750        808          2        130      0.139      0.985      0.827      0.904      0.975 
165    0.60619       3750        808          2        130      0.139      0.985      0.827      0.904      0.975 
166    0.52258       3751        807          1        131      0.140      0.992      0.828      0.908      0.976 
167    0.51695       3751        807          1        131      0.140      0.992      0.828      0.908      0.976 
168    0.51434       3751        807          1        131      0.140      0.992      0.828      0.908      0.975 
169    0.52875       3751        807          1        131      0.140      0.992      0.828      0.908      0.974 
170    0.55588       3751        807          1        131      0.140      0.992      0.828      0.908      0.973 
171    0.51075       3750        808          2        130      0.139      0.985      0.827      0.904      0.973 
172    0.50715       3750        808          2        130      0.139      0.985      0.827      0.904      0.973 
173     0.5374       3751        807          1        131      0.140      0.992      0.828      0.908      0.972 
174    0.53139       3751        807          1        131      0.140      0.992      0.828      0.908      0.973 
175    0.52895       3751        807          1        131      0.140      0.992      0.828      0.908      0.972 
176    0.52947       3751        807          1        131      0.140      0.992      0.828      0.908      0.972 
177      0.568       3751        807          1        131      0.140      0.992      0.828      0.908      0.972 
178    0.53148       3751        807          1        131      0.140      0.992      0.828      0.908      0.972 
179    0.56709       3751        807          1        131      0.140      0.992      0.828      0.908      0.972 
180    0.52662       3751        807          1        131      0.140      0.992      0.828      0.908      0.972 
181    0.54855       3751        807          1        131      0.140      0.992      0.828      0.908      0.972 
182    0.52915       3751        807          1        131      0.140      0.992      0.828      0.908      0.974 
183    0.58497       3751        807          1        131      0.140      0.992      0.828      0.908      0.974 
184    0.56047       3750        808          2        130      0.139      0.985      0.827      0.904      0.973 
185    0.59267       3750        808          2        130      0.139      0.985      0.827      0.904      0.972 
186    0.55127       3750        808          2        130      0.139      0.985      0.827      0.904      0.971 
187     0.5689       3749        809          3        129      0.138      0.977      0.827      0.900      0.970 
188    0.57117       3749        809          3        129      0.138      0.977      0.827      0.900      0.971 
189    0.52838       3750        808          2        130      0.139      0.985      0.827      0.904      0.974 
190    0.59525       3750        808          2        130      0.139      0.985      0.827      0.904      0.975 
191    0.51115       3749        809          3        129      0.138      0.977      0.827      0.900      0.973 
192    0.52831       3749        809          3        129      0.138      0.977      0.827      0.900      0.972 
193    0.56359       3749        809          3        129      0.138      0.977      0.827      0.900      0.971 
194    0.53919       3748        810          4        128      0.136      0.970      0.826      0.896      0.970 
195    0.53893       3748        810          4        128      0.136      0.970      0.826      0.896      0.971 
196    0.55045       3749        809          3        129      0.138      0.977      0.827      0.900      0.974 
197     0.5518       3750        808          2        130      0.139      0.985      0.827      0.904      0.975 
198     0.5861       3750        808          2        130      0.139      0.985      0.827      0.904      0.976 
199    0.53106       3750        808          2        130      0.139      0.985      0.827      0.904      0.975 
200    0.60061       3750        808          2        130      0.139      0.985      0.827      0.904      0.975 
201    0.77806       3750        808          2        130      0.139      0.985      0.827      0.904      0.973 
202    0.54548       3751        807          1        131      0.140      0.992      0.828      0.908      0.973 
203    0.56192       3751        807          1        131      0.140      0.992      0.828      0.908      0.973 
204    0.55735       3751        807          1        131      0.140      0.992      0.828      0.908      0.974 
205    0.51707       3751        807          1        131      0.140      0.992      0.828      0.908      0.974 
206    0.54914       3751        807          1        131      0.140      0.992      0.828      0.908      0.975 
207    0.50438       3751        807          1        131      0.140      0.992      0.828      0.908      0.975 
208    0.49388       3751        807          1        131      0.140      0.992      0.828      0.908      0.975 
209    0.53997       3751        807          1        131      0.140      0.992      0.828      0.908      0.975 
210    0.50117       3751        807          1        131      0.140      0.992      0.828      0.908      0.975 
211    0.50725       3751        807          1        131      0.140      0.992      0.828      0.908      0.976 
212    0.54208       3751        807          1        131      0.140      0.992      0.828      0.908      0.976 
213     0.5289       3751        807          1        131      0.140      0.992      0.828      0.908      0.977 
214    0.61725       3751        807          1        131      0.140      0.992      0.828      0.908      0.978 
215     0.5313       3751        807          1        131      0.140      0.992      0.828      0.908      0.979 
216    0.47042       3751        807          1        131      0.140      0.992      0.828      0.908      0.979 
217    0.54248       3751        807          1        131      0.140      0.992      0.828      0.908      0.979 
218    0.49394       3751        807          1        131      0.140      0.992      0.828      0.908      0.980 
219    0.58837       3750        808          2        130      0.139      0.985      0.827      0.904      0.975 
220    0.48447       3750        808          2        130      0.139      0.985      0.827      0.904      0.968 
221     0.5895       3750        808          2        130      0.139      0.985      0.827      0.904      0.973 
222    0.53619       3752        806          0        132      0.141      1.000      0.828      0.912      0.975 
223    0.50589       3752        806          0        132      0.141      1.000      0.828      0.912      0.975 
224    0.61476       3750        808          2        130      0.139      0.985      0.827      0.904      0.974 
225    0.55969       3750        808          2        130      0.139      0.985      0.827      0.904      0.973 
226    0.55297       3750        808          2        130      0.139      0.985      0.827      0.904      0.971 
227    0.58061       3749        809          3        129      0.138      0.977      0.827      0.900      0.969 
228    0.56948       3748        810          4        128      0.136      0.970      0.826      0.896      0.969 
229    0.57401       3748        810          4        128      0.136      0.970      0.826      0.896      0.969 
230    0.55098       3750        808          2        130      0.139      0.985      0.827      0.904      0.970 
231    0.57807       3750        808          2        130      0.139      0.985      0.827      0.904      0.971 
232    0.56796       3751        807          1        131      0.140      0.992      0.828      0.908      0.972 
233    0.60823       3751        807          1        131      0.140      0.992      0.828      0.908      0.973 
234    0.56488       3751        807          1        131      0.140      0.992      0.828      0.908      0.973 
235    0.53537       3751        807          1        131      0.140      0.992      0.828      0.908      0.974 
236    0.52885       3751        807          1        131      0.140      0.992      0.828      0.908      0.973 
237    0.65285       3751        807          1        131      0.140      0.992      0.828      0.908      0.973 
238    0.56897       3751        807          1        131      0.140      0.992      0.828      0.908      0.973 
239    0.59281       3751        807          1        131      0.140      0.992      0.828      0.908      0.973 
240    0.53314       3751        807          1        131      0.140      0.992      0.828      0.908      0.973 
241    0.54229       3751        807          1        131      0.140      0.992      0.828      0.908      0.973 
242     0.5413       3751        807          1        131      0.140      0.992      0.828      0.908      0.974 
243    0.52168       3751        807          1        131      0.140      0.992      0.828      0.908      0.974 
244    0.52814       3751        807          1        131      0.140      0.992      0.828      0.908      0.975 
245    0.56194       3751        807          1        131      0.140      0.992      0.828      0.908      0.974 
246    0.57636       3751        807          1        131      0.140      0.992      0.828      0.908      0.974 
247    0.53729       3751        807          1        131      0.140      0.992      0.828      0.908      0.974 
248    0.47912       3751        807          1        131      0.140      0.992      0.828      0.908      0.975 
249    0.54357       3751        807          1        131      0.140      0.992      0.828      0.908      0.976 
250     0.5099       3751        807          1        131      0.140      0.992      0.828      0.908      0.976 
251    0.55243       3751        807          1        131      0.140      0.992      0.828      0.908      0.976 
252    0.60131       3751        807          1        131      0.140      0.992      0.828      0.908      0.976 
253    0.50996       3751        807          1        131      0.140      0.992      0.828      0.908      0.975 
254    0.55127       3751        807          1        131      0.140      0.992      0.828      0.908      0.975 
255    0.61703       3751        807          1        131      0.140      0.992      0.828      0.908      0.974 
256    0.57248       3751        807          1        131      0.140      0.992      0.828      0.908      0.974 
257    0.60659       3751        807          1        131      0.140      0.992      0.828      0.908      0.975 
258     0.5393       3751        807          1        131      0.140      0.992      0.828      0.908      0.977 
259    0.47725       3751        807          1        131      0.140      0.992      0.828      0.908      0.977 
260    0.49345       3751        807          1        131      0.140      0.992      0.828      0.908      0.977 
261    0.49541       3751        807          1        131      0.140      0.992      0.828      0.908      0.977 
262     0.5019       3751        807          1        131      0.140      0.992      0.828      0.908      0.978 
263    0.54655       3751        807          1        131      0.140      0.992      0.828      0.908      0.979 
264    0.50736       3751        807          1        131      0.140      0.992      0.828      0.908      0.979 
265    0.57197       3751        807          1        131      0.140      0.992      0.828      0.908      0.979 
266    0.53362       3751        807          1        131      0.140      0.992      0.828      0.908      0.979 
267    0.48513       3751        807          1        131      0.140      0.992      0.828      0.908      0.979 
268    0.48518       3751        807          1        131      0.140      0.992      0.828      0.908      0.979 
269     0.4749       3751        807          1        131      0.140      0.992      0.828      0.908      0.979 
270    0.57422       3751        807          1        131      0.140      0.992      0.828      0.908      0.979 
271    0.49072       3751        807          1        131      0.140      0.992      0.828      0.908      0.979 
272    0.52888       3751        807          1        131      0.140      0.992      0.828      0.908      0.979 
273    0.52037       3751        807          1        131      0.140      0.992      0.828      0.908      0.978 
274    0.49458       3751        807          1        131      0.140      0.992      0.828      0.908      0.978 
275    0.52115       3751        807          1        131      0.140      0.992      0.828      0.908      0.979 
276    0.51502       3752        806          0        132      0.141      1.000      0.828      0.912      0.979 
277     0.4986       3752        806          0        132      0.141      1.000      0.828      0.912      0.979 
278    0.52371       3752        806          0        132      0.141      1.000      0.828      0.912      0.980 
279    0.51017       3752        806          0        132      0.141      1.000      0.828      0.912      0.980 
280    0.46847       3752        806          0        132      0.141      1.000      0.828      0.912      0.980 
281    0.45607       3752        806          0        132      0.141      1.000      0.828      0.912      0.980 
282    0.45482       3752        806          0        132      0.141      1.000      0.828      0.912      0.980 
283    0.53473       3752        806          0        132      0.141      1.000      0.828      0.912      0.981 
284    0.57177       3751        807          1        131      0.140      0.992      0.828      0.908      0.980 
285    0.49215       3751        807          1        131      0.140      0.992      0.828      0.908      0.979 
286    0.50777       3751        807          1        131      0.140      0.992      0.828      0.908      0.980 
287    0.48363       3751        807          1        131      0.140      0.992      0.828      0.908      0.981 
288    0.49948       3751        807          1        131      0.140      0.992      0.828      0.908      0.982 
289    0.45744       3751        807          1        131      0.140      0.992      0.828      0.908      0.982 
290     0.4183       3751        807          1        131      0.140      0.992      0.828      0.908      0.982 
291    0.48967       3751        807          1        131      0.140      0.992      0.828      0.908      0.982 
292    0.53191       3751        807          1        131      0.140      0.992      0.828      0.908      0.981 
293    0.49904       3751        807          1        131      0.140      0.992      0.828      0.908      0.981 
294    0.46624       3751        807          1        131      0.140      0.992      0.828      0.908      0.980 
295    0.50703       3751        807          1        131      0.140      0.992      0.828      0.908      0.980 
296    0.50821       3751        807          1        131      0.140      0.992      0.828      0.908      0.981 
297    0.45819       3751        807          1        131      0.140      0.992      0.828      0.908      0.982 
298    0.47132       3751        807          1        131      0.140      0.992      0.828      0.908      0.982 
299    0.52118       3751        807          1        131      0.140      0.992      0.828      0.908      0.982 
300    0.53749       3751        807          1        131      0.140      0.992      0.828      0.908      0.983 
