# Number of nodes=10436; Number of edges=824342; Number of node features=5; Model: gat3h.
epoch       loss         tn         fp         fn         tp       prec        rec        acc       bacc        auc 
1      1.469       7934       1887        414        201      0.096      0.327      0.780      0.567      0.649 
2     1.2823       7972       1849        376        239      0.114      0.389      0.787      0.600      0.687 
3     1.2393       7974       1847        374        241      0.115      0.392      0.787      0.602      0.696 
4       1.23       7981       1840        367        248      0.119      0.403      0.789      0.608      0.701 
5      1.227       7986       1835        362        253      0.121      0.411      0.789      0.612      0.704 
6     1.2212       7989       1832        359        256      0.123      0.416      0.790      0.615      0.705 
7     1.2109       7990       1831        358        257      0.123      0.418      0.790      0.616      0.707 
8     1.1914       7991       1830        357        258      0.124      0.420      0.790      0.617      0.710 
9     1.1998       7995       1826        353        262      0.125      0.426      0.791      0.620      0.713 
10     1.1898       7995       1826        353        262      0.125      0.426      0.791      0.620      0.714 
11     1.1758       7996       1825        351        264      0.126      0.429      0.791      0.622      0.717 
12     1.1738       8011       1810        337        278      0.133      0.452      0.794      0.634      0.727 
13     1.1525       8024       1797        324        291      0.139      0.473      0.797      0.645      0.738 
14     1.1314       8029       1792        319        296      0.142      0.481      0.798      0.649      0.737 
15      1.139       8024       1797        324        291      0.139      0.473      0.797      0.645      0.735 
16     1.1553       8032       1789        316        299      0.143      0.486      0.798      0.652      0.737 
17     1.1398       8035       1786        313        302      0.145      0.491      0.799      0.655      0.740 
18     1.1398       8040       1781        308        307      0.147      0.499      0.800      0.659      0.742 
19     1.1306       8045       1776        303        312      0.149      0.507      0.801      0.663      0.746 
20      1.129       8047       1774        301        314      0.150      0.511      0.801      0.665      0.749 
21     1.1347       8049       1772        299        316      0.151      0.514      0.802      0.667      0.752 
22     1.1345       8054       1767        294        321      0.154      0.522      0.803      0.671      0.753 
23     1.1252       8048       1773        300        315      0.151      0.512      0.801      0.666      0.753 
24     1.1296       8051       1770        297        318      0.152      0.517      0.802      0.668      0.753 
25     1.1241       8049       1772        299        316      0.151      0.514      0.802      0.667      0.753 
26     1.1292       8049       1772        299        316      0.151      0.514      0.802      0.667      0.754 
27      1.131       8043       1778        305        310      0.148      0.504      0.800      0.662      0.754 
28     1.1225       8045       1776        303        312      0.149      0.507      0.801      0.663      0.753 
29     1.1152       8043       1778        305        310      0.148      0.504      0.800      0.662      0.753 
30     1.1215       8047       1774        301        314      0.150      0.511      0.801      0.665      0.754 
31     1.1197       8045       1776        303        312      0.149      0.507      0.801      0.663      0.753 
32     1.1129       8041       1780        307        308      0.148      0.501      0.800      0.660      0.754 
33     1.1193       8053       1768        295        320      0.153      0.520      0.802      0.670      0.753 
34     1.1186       8052       1769        296        319      0.153      0.519      0.802      0.669      0.754 
35     1.1165       8053       1768        295        320      0.153      0.520      0.802      0.670      0.754 
36     1.1146       8055       1766        293        322      0.154      0.524      0.803      0.672      0.755 
37     1.1111       8056       1765        292        323      0.155      0.525      0.803      0.673      0.756 
38      1.107       8057       1764        291        324      0.155      0.527      0.803      0.674      0.756 
39     1.1132       8056       1765        292        323      0.155      0.525      0.803      0.673      0.757 
40     1.1089       8051       1770        297        318      0.152      0.517      0.802      0.668      0.757 
41     1.1135       8055       1766        293        322      0.154      0.524      0.803      0.672      0.757 
42     1.1155       8056       1765        292        323      0.155      0.525      0.803      0.673      0.757 
43     1.1064       8057       1764        291        324      0.155      0.527      0.803      0.674      0.758 
44     1.1089       8057       1764        291        324      0.155      0.527      0.803      0.674      0.758 
45     1.1059       8057       1764        291        324      0.155      0.527      0.803      0.674      0.758 
46     1.1138       8057       1764        291        324      0.155      0.527      0.803      0.674      0.758 
47     1.1031       8056       1765        292        323      0.155      0.525      0.803      0.673      0.758 
48     1.1092       8057       1764        291        324      0.155      0.527      0.803      0.674      0.759 
49     1.1075       8056       1765        292        323      0.155      0.525      0.803      0.673      0.759 
50     1.1109       8054       1767        294        321      0.154      0.522      0.803      0.671      0.759 
51     1.0988       8059       1762        289        326      0.156      0.530      0.803      0.675      0.759 
52     1.1014       8058       1763        290        325      0.156      0.528      0.803      0.674      0.760 
53     1.1094       8058       1763        290        325      0.156      0.528      0.803      0.674      0.760 
54     1.0963       8053       1768        295        320      0.153      0.520      0.802      0.670      0.760 
55      1.108       8056       1765        292        323      0.155      0.525      0.803      0.673      0.760 
56      1.112       8058       1763        290        325      0.156      0.528      0.803      0.674      0.760 
57     1.0991       8057       1764        291        324      0.155      0.527      0.803      0.674      0.760 
58     1.1029       8058       1763        290        325      0.156      0.528      0.803      0.674      0.760 
59     1.1086       8057       1764        291        324      0.155      0.527      0.803      0.674      0.760 
60     1.1011       8057       1764        291        324      0.155      0.527      0.803      0.674      0.761 
61     1.1041       8061       1760        287        328      0.157      0.533      0.804      0.677      0.761 
62      1.103       8063       1758        285        330      0.158      0.537      0.804      0.679      0.761 
63     1.1032       8061       1760        287        328      0.157      0.533      0.804      0.677      0.761 
64     1.1019       8060       1761        288        327      0.157      0.532      0.804      0.676      0.761 
65     1.0967       8063       1758        285        330      0.158      0.537      0.804      0.679      0.761 
66     1.0952       8066       1755        282        333      0.159      0.541      0.805      0.681      0.761 
67     1.1037       8066       1755        282        333      0.159      0.541      0.805      0.681      0.761 
68     1.0936       8066       1755        282        333      0.159      0.541      0.805      0.681      0.761 
69     1.1077       8067       1754        281        334      0.160      0.543      0.805      0.682      0.761 
70      1.098       8068       1753        280        335      0.160      0.545      0.805      0.683      0.761 
71     1.0984       8070       1751        278        337      0.161      0.548      0.806      0.685      0.762 
72     1.1022       8071       1750        277        338      0.162      0.550      0.806      0.686      0.762 
73     1.0984       8070       1751        278        337      0.161      0.548      0.806      0.685      0.762 
74     1.0994       8068       1753        280        335      0.160      0.545      0.805      0.683      0.763 
75     1.0995       8067       1754        281        334      0.160      0.543      0.805      0.682      0.763 
76      1.093       8071       1750        277        338      0.162      0.550      0.806      0.686      0.763 
77     1.0959       8068       1753        280        335      0.160      0.545      0.805      0.683      0.763 
78     1.0926       8070       1751        278        337      0.161      0.548      0.806      0.685      0.763 
79     1.0969       8071       1750        277        338      0.162      0.550      0.806      0.686      0.763 
80     1.0974       8073       1748        275        340      0.163      0.553      0.806      0.687      0.764 
81     1.1026       8074       1747        274        341      0.163      0.554      0.806      0.688      0.764 
82     1.0949       8072       1749        276        339      0.162      0.551      0.806      0.687      0.764 
83     1.0982       8071       1750        277        338      0.162      0.550      0.806      0.686      0.764 
84     1.0947       8068       1753        280        335      0.160      0.545      0.805      0.683      0.764 
85     1.0933       8068       1753        280        335      0.160      0.545      0.805      0.683      0.764 
86     1.0984       8070       1751        278        337      0.161      0.548      0.806      0.685      0.764 
87     1.0872       8070       1751        278        337      0.161      0.548      0.806      0.685      0.764 
88     1.0927       8068       1753        280        335      0.160      0.545      0.805      0.683      0.764 
89     1.0914       8067       1754        281        334      0.160      0.543      0.805      0.682      0.764 
90     1.0943       8066       1755        282        333      0.159      0.541      0.805      0.681      0.765 
91     1.0947       8067       1754        281        334      0.160      0.543      0.805      0.682      0.765 
92     1.0922       8071       1750        277        338      0.162      0.550      0.806      0.686      0.766 
93     1.0943       8071       1750        277        338      0.162      0.550      0.806      0.686      0.766 
94     1.0931       8069       1752        279        336      0.161      0.546      0.805      0.684      0.766 
95     1.0967       8071       1750        277        338      0.162      0.550      0.806      0.686      0.767 
96     1.0908       8071       1750        277        338      0.162      0.550      0.806      0.686      0.767 
97     1.0896       8073       1748        275        340      0.163      0.553      0.806      0.687      0.767 
98     1.0923       8074       1747        274        341      0.163      0.554      0.806      0.688      0.767 
99     1.0921       8073       1748        275        340      0.163      0.553      0.806      0.687      0.767 
100     1.0933       8071       1750        277        338      0.162      0.550      0.806      0.686      0.767 
101     1.0855       8072       1749        276        339      0.162      0.551      0.806      0.687      0.768 
102     1.0838       8073       1748        275        340      0.163      0.553      0.806      0.687      0.768 
103     1.0861       8074       1747        274        341      0.163      0.554      0.806      0.688      0.767 
104      1.101       8075       1746        273        342      0.164      0.556      0.807      0.689      0.767 
105     1.0881       8074       1747        274        341      0.163      0.554      0.806      0.688      0.767 
106     1.0886       8074       1747        274        341      0.163      0.554      0.806      0.688      0.767 
107     1.0971       8072       1749        276        339      0.162      0.551      0.806      0.687      0.768 
108     1.0912       8073       1748        275        340      0.163      0.553      0.806      0.687      0.768 
109     1.0945       8073       1748        275        340      0.163      0.553      0.806      0.687      0.768 
110     1.0979       8071       1750        277        338      0.162      0.550      0.806      0.686      0.768 
111     1.0923       8069       1752        279        336      0.161      0.546      0.805      0.684      0.768 
112     1.0882       8069       1752        279        336      0.161      0.546      0.805      0.684      0.768 
113     1.0904       8070       1751        278        337      0.161      0.548      0.806      0.685      0.768 
114     1.0869       8074       1747        274        341      0.163      0.554      0.806      0.688      0.768 
115     1.0906       8075       1746        273        342      0.164      0.556      0.807      0.689      0.768 
116     1.0871       8076       1745        272        343      0.164      0.558      0.807      0.690      0.768 
117     1.0858       8073       1748        275        340      0.163      0.553      0.806      0.687      0.768 
118     1.0869       8073       1748        275        340      0.163      0.553      0.806      0.687      0.768 
119     1.0892       8075       1746        273        342      0.164      0.556      0.807      0.689      0.768 
120     1.0864       8076       1745        272        343      0.164      0.558      0.807      0.690      0.768 
121     1.0809       8076       1745        272        343      0.164      0.558      0.807      0.690      0.768 
122     1.0844       8076       1745        272        343      0.164      0.558      0.807      0.690      0.768 
123     1.0867       8075       1746        273        342      0.164      0.556      0.807      0.689      0.769 
124     1.0883       8076       1745        272        343      0.164      0.558      0.807      0.690      0.769 
125     1.0853       8077       1744        271        344      0.165      0.559      0.807      0.691      0.769 
126     1.0892       8076       1745        272        343      0.164      0.558      0.807      0.690      0.769 
127     1.0905       8075       1746        273        342      0.164      0.556      0.807      0.689      0.769 
128     1.0836       8078       1743        270        345      0.165      0.561      0.807      0.692      0.770 
129     1.0837       8079       1742        269        346      0.166      0.563      0.807      0.693      0.769 
130     1.0908       8077       1744        271        344      0.165      0.559      0.807      0.691      0.770 
131      1.095       8077       1744        271        344      0.165      0.559      0.807      0.691      0.770 
132     1.0898       8076       1745        272        343      0.164      0.558      0.807      0.690      0.770 
133     1.0814       8074       1747        274        341      0.163      0.554      0.806      0.688      0.770 
134     1.0775       8074       1747        274        341      0.163      0.554      0.806      0.688      0.770 
135     1.0833       8074       1747        274        341      0.163      0.554      0.806      0.688      0.770 
136     1.0833       8077       1744        271        344      0.165      0.559      0.807      0.691      0.770 
137     1.0818       8079       1742        269        346      0.166      0.563      0.807      0.693      0.770 
138     1.0848       8079       1742        269        346      0.166      0.563      0.807      0.693      0.770 
139     1.0797       8078       1743        270        345      0.165      0.561      0.807      0.692      0.770 
140     1.0903       8079       1742        269        346      0.166      0.563      0.807      0.693      0.770 
141     1.0812       8077       1744        271        344      0.165      0.559      0.807      0.691      0.770 
142     1.0825       8078       1743        270        345      0.165      0.561      0.807      0.692      0.770 
143      1.082       8078       1743        270        345      0.165      0.561      0.807      0.692      0.770 
144     1.0803       8079       1742        269        346      0.166      0.563      0.807      0.693      0.770 
145     1.0842       8077       1744        271        344      0.165      0.559      0.807      0.691      0.771 
146     1.0825       8077       1744        271        344      0.165      0.559      0.807      0.691      0.771 
147     1.0799       8076       1745        272        343      0.164      0.558      0.807      0.690      0.772 
148     1.0846       8074       1747        274        341      0.163      0.554      0.806      0.688      0.771 
149     1.0882       8071       1750        277        338      0.162      0.550      0.806      0.686      0.771 
150     1.0783       8073       1748        275        340      0.163      0.553      0.806      0.687      0.772 
151     1.0798       8077       1744        271        344      0.165      0.559      0.807      0.691      0.771 
152     1.0849       8078       1743        270        345      0.165      0.561      0.807      0.692      0.771 
153     1.0879       8076       1745        272        343      0.164      0.558      0.807      0.690      0.771 
154     1.0903       8074       1747        274        341      0.163      0.554      0.806      0.688      0.770 
155     1.0771       8072       1749        276        339      0.162      0.551      0.806      0.687      0.771 
156     1.0859       8071       1750        277        338      0.162      0.550      0.806      0.686      0.771 
157     1.0889       8069       1752        279        336      0.161      0.546      0.805      0.684      0.771 
158     1.0771       8074       1747        274        341      0.163      0.554      0.806      0.688      0.771 
159     1.0803       8072       1749        276        339      0.162      0.551      0.806      0.687      0.772 
160     1.0904       8071       1750        277        338      0.162      0.550      0.806      0.686      0.772 
161     1.0844       8073       1748        275        340      0.163      0.553      0.806      0.687      0.772 
162      1.084       8071       1750        277        338      0.162      0.550      0.806      0.686      0.772 
163     1.0855       8071       1750        277        338      0.162      0.550      0.806      0.686      0.772 
164     1.0842       8070       1751        278        337      0.161      0.548      0.806      0.685      0.771 
165     1.0807       8068       1753        280        335      0.160      0.545      0.805      0.683      0.771 
166     1.0826       8067       1754        281        334      0.160      0.543      0.805      0.682      0.771 
167     1.0833       8067       1754        281        334      0.160      0.543      0.805      0.682      0.772 
168     1.0827       8074       1747        274        341      0.163      0.554      0.806      0.688      0.772 
169     1.0776       8076       1745        272        343      0.164      0.558      0.807      0.690      0.772 
170     1.0745       8078       1743        270        345      0.165      0.561      0.807      0.692      0.773 
171     1.0801       8074       1747        274        341      0.163      0.554      0.806      0.688      0.773 
172     1.0911       8075       1746        273        342      0.164      0.556      0.807      0.689      0.773 
173     1.0706       8075       1746        273        342      0.164      0.556      0.807      0.689      0.773 
174     1.0726       8077       1744        271        344      0.165      0.559      0.807      0.691      0.773 
175     1.0812       8077       1744        271        344      0.165      0.559      0.807      0.691      0.773 
176     1.0821       8078       1743        270        345      0.165      0.561      0.807      0.692      0.773 
177     1.0748       8078       1743        270        345      0.165      0.561      0.807      0.692      0.773 
178     1.0774       8080       1741        268        347      0.166      0.564      0.807      0.693      0.773 
179     1.0829       8074       1747        274        341      0.163      0.554      0.806      0.688      0.773 
180     1.0746       8074       1747        274        341      0.163      0.554      0.806      0.688      0.773 
181     1.0757       8078       1743        270        345      0.165      0.561      0.807      0.692      0.773 
182     1.0791       8077       1744        271        344      0.165      0.559      0.807      0.691      0.773 
183     1.0813       8080       1741        268        347      0.166      0.564      0.807      0.693      0.774 
184     1.0708       8081       1740        267        348      0.167      0.566      0.808      0.694      0.774 
185     1.0788       8081       1740        267        348      0.167      0.566      0.808      0.694      0.774 
186     1.0792       8080       1741        268        347      0.166      0.564      0.807      0.693      0.774 
187     1.0846       8079       1742        269        346      0.166      0.563      0.807      0.693      0.774 
188     1.0779       8076       1745        272        343      0.164      0.558      0.807      0.690      0.773 
189     1.0771       8076       1745        272        343      0.164      0.558      0.807      0.690      0.774 
190     1.0817       8074       1747        274        341      0.163      0.554      0.806      0.688      0.774 
191     1.0701       8077       1744        271        344      0.165      0.559      0.807      0.691      0.774 
192     1.0844       8074       1747        274        341      0.163      0.554      0.806      0.688      0.773 
193     1.0746       8072       1749        276        339      0.162      0.551      0.806      0.687      0.773 
194     1.0761       8074       1747        274        341      0.163      0.554      0.806      0.688      0.773 
195     1.0831       8074       1747        274        341      0.163      0.554      0.806      0.688      0.774 
196     1.0733       8073       1748        275        340      0.163      0.553      0.806      0.687      0.774 
197     1.0766       8081       1740        267        348      0.167      0.566      0.808      0.694      0.774 
198     1.0786       8079       1742        269        346      0.166      0.563      0.807      0.693      0.774 
199     1.0782       8078       1743        270        345      0.165      0.561      0.807      0.692      0.774 
200     1.0808       8079       1742        269        346      0.166      0.563      0.807      0.693      0.774 
201     1.0843       8078       1743        270        345      0.165      0.561      0.807      0.692      0.775 
202     1.0701       8079       1742        269        346      0.166      0.563      0.807      0.693      0.775 
203     1.0779       8076       1745        272        343      0.164      0.558      0.807      0.690      0.775 
204     1.0803       8078       1743        270        345      0.165      0.561      0.807      0.692      0.774 
205     1.0711       8080       1741        268        347      0.166      0.564      0.807      0.693      0.775 
206     1.0689       8078       1743        270        345      0.165      0.561      0.807      0.692      0.775 
207     1.0758       8078       1743        270        345      0.165      0.561      0.807      0.692      0.775 
208     1.0732       8079       1742        269        346      0.166      0.563      0.807      0.693      0.775 
209     1.0753       8081       1740        267        348      0.167      0.566      0.808      0.694      0.775 
210     1.0771       8080       1741        268        347      0.166      0.564      0.807      0.693      0.774 
211     1.0866       8075       1746        273        342      0.164      0.556      0.807      0.689      0.774 
212     1.0751       8073       1748        275        340      0.163      0.553      0.806      0.687      0.774 
213     1.0787       8071       1750        277        338      0.162      0.550      0.806      0.686      0.774 
214     1.0783       8073       1748        275        340      0.163      0.553      0.806      0.687      0.774 
215     1.0753       8075       1746        273        342      0.164      0.556      0.807      0.689      0.774 
216     1.0766       8080       1741        268        347      0.166      0.564      0.807      0.693      0.775 
217     1.0732       8081       1740        267        348      0.167      0.566      0.808      0.694      0.775 
218     1.0738       8082       1739        266        349      0.167      0.567      0.808      0.695      0.775 
219     1.0792       8084       1737        264        351      0.168      0.571      0.808      0.697      0.775 
220     1.0803       8084       1737        264        351      0.168      0.571      0.808      0.697      0.775 
221     1.0736       8084       1737        264        351      0.168      0.571      0.808      0.697      0.776 
222     1.0807       8083       1738        265        350      0.168      0.569      0.808      0.696      0.776 
223     1.0718       8083       1738        265        350      0.168      0.569      0.808      0.696      0.776 
224     1.0685       8085       1736        263        352      0.169      0.572      0.808      0.698      0.776 
225     1.0865       8085       1736        263        352      0.169      0.572      0.808      0.698      0.776 
226     1.0717       8084       1737        264        351      0.168      0.571      0.808      0.697      0.776 
227      1.072       8082       1739        266        349      0.167      0.567      0.808      0.695      0.776 
228       1.07       8079       1742        269        346      0.166      0.563      0.807      0.693      0.777 
229     1.0708       8079       1742        269        346      0.166      0.563      0.807      0.693      0.777 
230     1.0702       8080       1741        268        347      0.166      0.564      0.807      0.693      0.777 
231      1.069       8083       1738        265        350      0.168      0.569      0.808      0.696      0.777 
232     1.0645       8086       1735        262        353      0.169      0.574      0.809      0.699      0.776 
233     1.0695       8085       1736        263        352      0.169      0.572      0.808      0.698      0.776 
234     1.0811       8082       1739        266        349      0.167      0.567      0.808      0.695      0.776 
235     1.0627       8084       1737        264        351      0.168      0.571      0.808      0.697      0.776 
236     1.0768       8085       1736        263        352      0.169      0.572      0.808      0.698      0.776 
237     1.0713       8086       1735        262        353      0.169      0.574      0.809      0.699      0.776 
238      1.068       8084       1737        264        351      0.168      0.571      0.808      0.697      0.777 
239     1.0695       8083       1738        265        350      0.168      0.569      0.808      0.696      0.777 
240      1.081       8085       1736        263        352      0.169      0.572      0.808      0.698      0.776 
241      1.071       8088       1733        260        355      0.170      0.577      0.809      0.700      0.776 
242     1.0753       8087       1734        261        354      0.170      0.576      0.809      0.700      0.776 
243     1.0669       8081       1740        267        348      0.167      0.566      0.808      0.694      0.776 
244     1.0741       8086       1735        262        353      0.169      0.574      0.809      0.699      0.776 
245     1.0717       8084       1737        264        351      0.168      0.571      0.808      0.697      0.777 
246     1.0665       8085       1736        263        352      0.169      0.572      0.808      0.698      0.777 
247     1.0631       8081       1740        267        348      0.167      0.566      0.808      0.694      0.777 
248     1.0623       8084       1737        264        351      0.168      0.571      0.808      0.697      0.778 
249     1.0649       8083       1738        265        350      0.168      0.569      0.808      0.696      0.778 
250     1.0626       8081       1740        267        348      0.167      0.566      0.808      0.694      0.777 
251     1.0701       8080       1741        268        347      0.166      0.564      0.807      0.693      0.777 
252     1.0679       8078       1743        270        345      0.165      0.561      0.807      0.692      0.777 
253     1.0683       8079       1742        269        346      0.166      0.563      0.807      0.693      0.777 
254     1.0636       8079       1742        269        346      0.166      0.563      0.807      0.693      0.777 
255     1.0649       8078       1743        270        345      0.165      0.561      0.807      0.692      0.777 
256     1.0749       8077       1744        271        344      0.165      0.559      0.807      0.691      0.777 
257     1.0732       8075       1746        273        342      0.164      0.556      0.807      0.689      0.777 
258     1.0752       8076       1745        272        343      0.164      0.558      0.807      0.690      0.777 
259     1.0753       8071       1750        277        338      0.162      0.550      0.806      0.686      0.778 
260     1.0646       8073       1748        275        340      0.163      0.553      0.806      0.687      0.778 
261     1.0597       8078       1743        270        345      0.165      0.561      0.807      0.692      0.779 
262      1.074       8081       1740        267        348      0.167      0.566      0.808      0.694      0.779 
263      1.063       8083       1738        265        350      0.168      0.569      0.808      0.696      0.779 
264     1.0714       8085       1736        263        352      0.169      0.572      0.808      0.698      0.779 
265     1.0709       8084       1737        264        351      0.168      0.571      0.808      0.697      0.778 
266     1.0616       8082       1739        266        349      0.167      0.567      0.808      0.695      0.778 
267     1.0655       8083       1738        265        350      0.168      0.569      0.808      0.696      0.778 
268      1.067       8081       1740        267        348      0.167      0.566      0.808      0.694      0.778 
269     1.0669       8079       1742        269        346      0.166      0.563      0.807      0.693      0.778 
270     1.0674       8078       1743        270        345      0.165      0.561      0.807      0.692      0.778 
271     1.0646       8080       1741        268        347      0.166      0.564      0.807      0.693      0.778 
272     1.0686       8082       1739        266        349      0.167      0.567      0.808      0.695      0.779 
273     1.0599       8085       1736        263        352      0.169      0.572      0.808      0.698      0.779 
274     1.0637       8082       1739        266        349      0.167      0.567      0.808      0.695      0.778 
275     1.0639       8078       1743        270        345      0.165      0.561      0.807      0.692      0.778 
276     1.0734       8078       1743        270        345      0.165      0.561      0.807      0.692      0.779 
277     1.0611       8079       1742        269        346      0.166      0.563      0.807      0.693      0.779 
278      1.072       8077       1744        271        344      0.165      0.559      0.807      0.691      0.779 
279     1.0653       8077       1744        271        344      0.165      0.559      0.807      0.691      0.778 
280     1.0686       8076       1745        272        343      0.164      0.558      0.807      0.690      0.778 
281     1.0698       8077       1744        271        344      0.165      0.559      0.807      0.691      0.778 
282     1.0657       8077       1744        271        344      0.165      0.559      0.807      0.691      0.779 
283     1.0705       8080       1741        268        347      0.166      0.564      0.807      0.693      0.779 
284     1.0729       8083       1738        265        350      0.168      0.569      0.808      0.696      0.779 
285      1.069       8086       1735        262        353      0.169      0.574      0.809      0.699      0.778 
286     1.0607       8087       1734        261        354      0.170      0.576      0.809      0.700      0.778 
287     1.0686       8087       1734        261        354      0.170      0.576      0.809      0.700      0.779 
288     1.0592       8084       1737        264        351      0.168      0.571      0.808      0.697      0.779 
289     1.0648       8084       1737        264        351      0.168      0.571      0.808      0.697      0.779 
290     1.0691       8085       1736        263        352      0.169      0.572      0.808      0.698      0.779 
291     1.0682       8079       1742        269        346      0.166      0.563      0.807      0.693      0.778 
292     1.0699       8076       1745        272        343      0.164      0.558      0.807      0.690      0.778 
293      1.063       8076       1745        272        343      0.164      0.558      0.807      0.690      0.778 
294      1.064       8078       1743        270        345      0.165      0.561      0.807      0.692      0.778 
295     1.0612       8080       1741        268        347      0.166      0.564      0.807      0.693      0.778 
296     1.0719       8077       1744        271        344      0.165      0.559      0.807      0.691      0.779 
297     1.0636       8078       1743        270        345      0.165      0.561      0.807      0.692      0.779 
298     1.0705       8076       1745        272        343      0.164      0.558      0.807      0.690      0.779 
299     1.0727       8080       1741        268        347      0.166      0.564      0.807      0.693      0.779 
300     1.0603       8085       1736        263        352      0.169      0.572      0.808      0.698      0.779 
