# Number of nodes=10436; Number of edges=824342; Number of node features=5; Model: sage.
epoch       loss         tn         fp         fn         tp       prec        rec        acc       bacc        auc 
1     1.4099       7889       1932        459        156      0.075      0.254      0.771      0.528      0.522 
2     1.3995       7929       1892        419        196      0.094      0.319      0.779      0.563      0.559 
3      1.351       7949       1872        399        216      0.103      0.351      0.782      0.580      0.588 
4      1.316       7957       1864        391        224      0.107      0.364      0.784      0.587      0.608 
5     1.3035       7965       1856        383        232      0.111      0.377      0.785      0.594      0.623 
6     1.2783       7974       1847        374        241      0.115      0.392      0.787      0.602      0.634 
7     1.2797       7976       1845        372        243      0.116      0.395      0.788      0.604      0.640 
8     1.2692       7988       1833        360        255      0.122      0.415      0.790      0.614      0.650 
9     1.2608       7989       1832        359        256      0.123      0.416      0.790      0.615      0.663 
10      1.238       8000       1821        348        267      0.128      0.434      0.792      0.624      0.674 
11     1.2452       7998       1823        350        265      0.127      0.431      0.792      0.623      0.684 
12      1.243       8005       1816        343        272      0.130      0.442      0.793      0.629      0.690 
13     1.2397       8007       1814        341        274      0.131      0.446      0.794      0.630      0.693 
14     1.2394       8007       1814        341        274      0.131      0.446      0.794      0.630      0.695 
15     1.2346       8011       1810        337        278      0.133      0.452      0.794      0.634      0.698 
16     1.2032       8013       1808        335        280      0.134      0.455      0.795      0.636      0.702 
17     1.2204       8022       1799        326        289      0.138      0.470      0.796      0.643      0.709 
18     1.2182       8023       1798        325        290      0.139      0.472      0.797      0.644      0.714 
19     1.2102       8021       1800        327        288      0.138      0.468      0.796      0.643      0.719 
20     1.1888       8023       1798        325        290      0.139      0.472      0.797      0.644      0.722 
21     1.2112       8021       1800        327        288      0.138      0.468      0.796      0.643      0.723 
22     1.2114       8021       1800        327        288      0.138      0.468      0.796      0.643      0.724 
23     1.1969       8020       1801        328        287      0.137      0.467      0.796      0.642      0.726 
24     1.2036       8023       1798        325        290      0.139      0.472      0.797      0.644      0.729 
25     1.1954       8025       1796        323        292      0.140      0.475      0.797      0.646      0.732 
26     1.1979       8029       1792        319        296      0.142      0.481      0.798      0.649      0.734 
27     1.2036       8035       1786        313        302      0.145      0.491      0.799      0.655      0.737 
28     1.1813       8042       1779        306        309      0.148      0.502      0.800      0.661      0.739 
29     1.1951       8041       1780        307        308      0.148      0.501      0.800      0.660      0.740 
30     1.1815       8041       1780        307        308      0.148      0.501      0.800      0.660      0.740 
31     1.1835       8041       1780        307        308      0.148      0.501      0.800      0.660      0.741 
32     1.1886       8044       1777        304        311      0.149      0.506      0.801      0.662      0.742 
33     1.1842       8049       1772        299        316      0.151      0.514      0.802      0.667      0.744 
34     1.1732       8050       1771        298        317      0.152      0.515      0.802      0.668      0.745 
35     1.1739       8051       1770        297        318      0.152      0.517      0.802      0.668      0.746 
36     1.1795       8051       1770        297        318      0.152      0.517      0.802      0.668      0.747 
37     1.1717       8048       1773        300        315      0.151      0.512      0.801      0.666      0.748 
38     1.1794       8051       1770        297        318      0.152      0.517      0.802      0.668      0.748 
39     1.1766       8048       1773        300        315      0.151      0.512      0.801      0.666      0.749 
40     1.1631       8048       1773        300        315      0.151      0.512      0.801      0.666      0.750 
41     1.1665       8048       1773        300        315      0.151      0.512      0.801      0.666      0.751 
42     1.1558       8052       1769        296        319      0.153      0.519      0.802      0.669      0.752 
43     1.1686       8051       1770        297        318      0.152      0.517      0.802      0.668      0.753 
44     1.1632       8050       1771        298        317      0.152      0.515      0.802      0.668      0.754 
45     1.1795       8048       1773        300        315      0.151      0.512      0.801      0.666      0.755 
46     1.1575       8050       1771        298        317      0.152      0.515      0.802      0.668      0.756 
47     1.1535       8052       1769        296        319      0.153      0.519      0.802      0.669      0.757 
48     1.1607       8051       1770        297        318      0.152      0.517      0.802      0.668      0.757 
49     1.1531       8051       1770        297        318      0.152      0.517      0.802      0.668      0.758 
50     1.1591       8056       1765        292        323      0.155      0.525      0.803      0.673      0.759 
51     1.1476       8057       1764        291        324      0.155      0.527      0.803      0.674      0.760 
52     1.1588       8056       1765        292        323      0.155      0.525      0.803      0.673      0.760 
53     1.1402       8054       1767        294        321      0.154      0.522      0.803      0.671      0.761 
54     1.1599       8059       1762        289        326      0.156      0.530      0.803      0.675      0.761 
55     1.1457       8058       1763        290        325      0.156      0.528      0.803      0.674      0.762 
56     1.1525       8056       1765        292        323      0.155      0.525      0.803      0.673      0.762 
57     1.1341       8057       1764        291        324      0.155      0.527      0.803      0.674      0.763 
58     1.1495       8057       1764        291        324      0.155      0.527      0.803      0.674      0.763 
59       1.15       8056       1765        292        323      0.155      0.525      0.803      0.673      0.763 
60     1.1466       8054       1767        294        321      0.154      0.522      0.803      0.671      0.764 
61     1.1447       8053       1768        295        320      0.153      0.520      0.802      0.670      0.764 
62      1.144       8056       1765        292        323      0.155      0.525      0.803      0.673      0.764 
63     1.1356       8056       1765        292        323      0.155      0.525      0.803      0.673      0.764 
64     1.1355       8057       1764        291        324      0.155      0.527      0.803      0.674      0.765 
65     1.1558       8057       1764        291        324      0.155      0.527      0.803      0.674      0.765 
66     1.1419       8055       1766        293        322      0.154      0.524      0.803      0.672      0.765 
67     1.1468       8057       1764        291        324      0.155      0.527      0.803      0.674      0.765 
68     1.1547       8055       1766        293        322      0.154      0.524      0.803      0.672      0.766 
69     1.1426       8055       1766        293        322      0.154      0.524      0.803      0.672      0.766 
70     1.1361       8059       1762        289        326      0.156      0.530      0.803      0.675      0.767 
71     1.1525       8058       1763        290        325      0.156      0.528      0.803      0.674      0.767 
72     1.1492       8058       1763        290        325      0.156      0.528      0.803      0.674      0.767 
73     1.1434       8058       1763        290        325      0.156      0.528      0.803      0.674      0.767 
74     1.1354       8058       1763        290        325      0.156      0.528      0.803      0.674      0.768 
75      1.137       8058       1763        290        325      0.156      0.528      0.803      0.674      0.768 
76     1.1515       8058       1763        290        325      0.156      0.528      0.803      0.674      0.768 
77     1.1515       8058       1763        290        325      0.156      0.528      0.803      0.674      0.768 
78     1.1255       8058       1763        290        325      0.156      0.528      0.803      0.674      0.768 
79     1.1398       8059       1762        289        326      0.156      0.530      0.803      0.675      0.768 
80     1.1476       8061       1760        287        328      0.157      0.533      0.804      0.677      0.768 
81     1.1461       8059       1762        289        326      0.156      0.530      0.803      0.675      0.768 
82     1.1246       8061       1760        287        328      0.157      0.533      0.804      0.677      0.769 
83      1.132       8059       1762        289        326      0.156      0.530      0.803      0.675      0.769 
84      1.128       8059       1762        289        326      0.156      0.530      0.803      0.675      0.769 
85     1.1496       8060       1761        288        327      0.157      0.532      0.804      0.676      0.769 
86     1.1404       8061       1760        287        328      0.157      0.533      0.804      0.677      0.770 
87     1.1467       8059       1762        289        326      0.156      0.530      0.803      0.675      0.770 
88     1.1353       8060       1761        288        327      0.157      0.532      0.804      0.676      0.770 
89     1.1385       8060       1761        288        327      0.157      0.532      0.804      0.676      0.770 
90     1.1429       8063       1758        285        330      0.158      0.537      0.804      0.679      0.770 
91      1.146       8065       1756        283        332      0.159      0.540      0.805      0.681      0.770 
92     1.1337       8061       1760        287        328      0.157      0.533      0.804      0.677      0.771 
93     1.1442       8065       1756        283        332      0.159      0.540      0.805      0.681      0.771 
94     1.1223       8063       1758        285        330      0.158      0.537      0.804      0.679      0.771 
95     1.1423       8066       1755        282        333      0.159      0.541      0.805      0.681      0.771 
96     1.1301       8066       1755        282        333      0.159      0.541      0.805      0.681      0.771 
97     1.1441       8066       1755        282        333      0.159      0.541      0.805      0.681      0.771 
98     1.1289       8064       1757        284        331      0.159      0.538      0.804      0.680      0.771 
99     1.1351       8065       1756        283        332      0.159      0.540      0.805      0.681      0.771 
100     1.1388       8062       1759        286        329      0.158      0.535      0.804      0.678      0.771 
101      1.149       8059       1762        289        326      0.156      0.530      0.803      0.675      0.771 
102     1.1292       8060       1761        288        327      0.157      0.532      0.804      0.676      0.771 
103     1.1264       8060       1761        288        327      0.157      0.532      0.804      0.676      0.771 
104     1.1488       8059       1762        289        326      0.156      0.530      0.803      0.675      0.771 
105      1.132       8060       1761        288        327      0.157      0.532      0.804      0.676      0.771 
106     1.1297       8061       1760        287        328      0.157      0.533      0.804      0.677      0.772 
107     1.1236       8061       1760        287        328      0.157      0.533      0.804      0.677      0.772 
108     1.1231       8060       1761        288        327      0.157      0.532      0.804      0.676      0.772 
109     1.1538       8059       1762        289        326      0.156      0.530      0.803      0.675      0.772 
110     1.1358       8062       1759        286        329      0.158      0.535      0.804      0.678      0.772 
111     1.1464       8062       1759        286        329      0.158      0.535      0.804      0.678      0.772 
112     1.1258       8060       1761        288        327      0.157      0.532      0.804      0.676      0.773 
113     1.1406       8063       1758        285        330      0.158      0.537      0.804      0.679      0.773 
114     1.1407       8062       1759        286        329      0.158      0.535      0.804      0.678      0.773 
115     1.1423       8061       1760        287        328      0.157      0.533      0.804      0.677      0.773 
116      1.141       8060       1761        288        327      0.157      0.532      0.804      0.676      0.773 
117     1.1383       8062       1759        286        329      0.158      0.535      0.804      0.678      0.773 
118     1.1218       8062       1759        286        329      0.158      0.535      0.804      0.678      0.773 
119     1.1413       8063       1758        285        330      0.158      0.537      0.804      0.679      0.773 
120     1.1348       8062       1759        286        329      0.158      0.535      0.804      0.678      0.773 
121     1.1447       8063       1758        285        330      0.158      0.537      0.804      0.679      0.773 
122      1.129       8063       1758        285        330      0.158      0.537      0.804      0.679      0.773 
123     1.1342       8064       1757        284        331      0.159      0.538      0.804      0.680      0.773 
124     1.1254       8063       1758        285        330      0.158      0.537      0.804      0.679      0.773 
125     1.1399       8064       1757        284        331      0.159      0.538      0.804      0.680      0.773 
126     1.1377       8066       1755        282        333      0.159      0.541      0.805      0.681      0.773 
127     1.1412       8066       1755        282        333      0.159      0.541      0.805      0.681      0.773 
128     1.1311       8064       1757        284        331      0.159      0.538      0.804      0.680      0.773 
129      1.129       8065       1756        283        332      0.159      0.540      0.805      0.681      0.773 
130     1.1409       8066       1755        282        333      0.159      0.541      0.805      0.681      0.773 
131     1.1303       8066       1755        282        333      0.159      0.541      0.805      0.681      0.774 
132     1.1388       8067       1754        281        334      0.160      0.543      0.805      0.682      0.774 
133     1.1433       8068       1753        280        335      0.160      0.545      0.805      0.683      0.774 
134     1.1353       8066       1755        282        333      0.159      0.541      0.805      0.681      0.774 
135     1.1368       8066       1755        282        333      0.159      0.541      0.805      0.681      0.774 
136     1.1287       8064       1757        284        331      0.159      0.538      0.804      0.680      0.774 
137     1.1431       8065       1756        283        332      0.159      0.540      0.805      0.681      0.774 
138      1.139       8065       1756        283        332      0.159      0.540      0.805      0.681      0.774 
139     1.1226       8063       1758        285        330      0.158      0.537      0.804      0.679      0.774 
140     1.1434       8065       1756        283        332      0.159      0.540      0.805      0.681      0.774 
141      1.153       8064       1757        284        331      0.159      0.538      0.804      0.680      0.774 
142     1.1403       8065       1756        283        332      0.159      0.540      0.805      0.681      0.774 
143     1.1345       8060       1761        288        327      0.157      0.532      0.804      0.676      0.774 
144      1.142       8062       1759        286        329      0.158      0.535      0.804      0.678      0.774 
145     1.1341       8062       1759        286        329      0.158      0.535      0.804      0.678      0.774 
146     1.1377       8062       1759        286        329      0.158      0.535      0.804      0.678      0.774 
147     1.1183       8063       1758        285        330      0.158      0.537      0.804      0.679      0.775 
148     1.1493       8064       1757        284        331      0.159      0.538      0.804      0.680      0.775 
149     1.1321       8062       1759        286        329      0.158      0.535      0.804      0.678      0.775 
150      1.119       8060       1761        288        327      0.157      0.532      0.804      0.676      0.775 
151     1.1303       8062       1759        286        329      0.158      0.535      0.804      0.678      0.775 
152     1.1232       8064       1757        284        331      0.159      0.538      0.804      0.680      0.775 
153     1.1411       8065       1756        283        332      0.159      0.540      0.805      0.681      0.775 
154     1.1258       8068       1753        280        335      0.160      0.545      0.805      0.683      0.775 
155     1.1263       8067       1754        281        334      0.160      0.543      0.805      0.682      0.775 
156     1.1242       8068       1753        280        335      0.160      0.545      0.805      0.683      0.775 
157     1.1364       8068       1753        280        335      0.160      0.545      0.805      0.683      0.775 
158     1.1396       8067       1754        281        334      0.160      0.543      0.805      0.682      0.775 
159     1.1438       8067       1754        281        334      0.160      0.543      0.805      0.682      0.776 
160     1.1246       8069       1752        279        336      0.161      0.546      0.805      0.684      0.776 
161     1.1292       8069       1752        279        336      0.161      0.546      0.805      0.684      0.776 
162     1.1157       8070       1751        278        337      0.161      0.548      0.806      0.685      0.776 
163      1.132       8067       1754        281        334      0.160      0.543      0.805      0.682      0.776 
164     1.1453       8065       1756        283        332      0.159      0.540      0.805      0.681      0.776 
165     1.1368       8064       1757        284        331      0.159      0.538      0.804      0.680      0.776 
166     1.1191       8063       1758        285        330      0.158      0.537      0.804      0.679      0.776 
167     1.1161       8068       1753        280        335      0.160      0.545      0.805      0.683      0.776 
168     1.1386       8068       1753        280        335      0.160      0.545      0.805      0.683      0.776 
169     1.1411       8068       1753        280        335      0.160      0.545      0.805      0.683      0.776 
170     1.1315       8065       1756        283        332      0.159      0.540      0.805      0.681      0.776 
171     1.1357       8065       1756        283        332      0.159      0.540      0.805      0.681      0.777 
172     1.1253       8068       1753        280        335      0.160      0.545      0.805      0.683      0.777 
173     1.1356       8068       1753        280        335      0.160      0.545      0.805      0.683      0.777 
174      1.144       8068       1753        280        335      0.160      0.545      0.805      0.683      0.777 
175     1.1316       8070       1751        278        337      0.161      0.548      0.806      0.685      0.777 
176     1.1291       8070       1751        278        337      0.161      0.548      0.806      0.685      0.777 
177     1.1416       8071       1750        277        338      0.162      0.550      0.806      0.686      0.777 
178     1.1212       8068       1753        280        335      0.160      0.545      0.805      0.683      0.777 
179     1.1192       8068       1753        280        335      0.160      0.545      0.805      0.683      0.777 
180     1.1392       8069       1752        279        336      0.161      0.546      0.805      0.684      0.777 
181     1.1238       8069       1752        279        336      0.161      0.546      0.805      0.684      0.777 
182     1.1265       8071       1750        277        338      0.162      0.550      0.806      0.686      0.777 
183     1.1274       8069       1752        279        336      0.161      0.546      0.805      0.684      0.777 
184     1.1255       8069       1752        279        336      0.161      0.546      0.805      0.684      0.777 
185     1.1352       8068       1753        280        335      0.160      0.545      0.805      0.683      0.777 
186     1.1274       8070       1751        278        337      0.161      0.548      0.806      0.685      0.777 
187     1.1254       8069       1752        279        336      0.161      0.546      0.805      0.684      0.777 
188     1.1435       8068       1753        280        335      0.160      0.545      0.805      0.683      0.777 
189     1.1421       8069       1752        279        336      0.161      0.546      0.805      0.684      0.777 
190      1.137       8068       1753        280        335      0.160      0.545      0.805      0.683      0.777 
191     1.1311       8067       1754        281        334      0.160      0.543      0.805      0.682      0.777 
192     1.1266       8068       1753        280        335      0.160      0.545      0.805      0.683      0.777 
193     1.1198       8070       1751        278        337      0.161      0.548      0.806      0.685      0.777 
194     1.1265       8072       1749        276        339      0.162      0.551      0.806      0.687      0.777 
195     1.1326       8071       1750        277        338      0.162      0.550      0.806      0.686      0.777 
196     1.1089       8070       1751        278        337      0.161      0.548      0.806      0.685      0.777 
197      1.128       8069       1752        279        336      0.161      0.546      0.805      0.684      0.778 
198     1.1245       8069       1752        279        336      0.161      0.546      0.805      0.684      0.778 
199     1.1313       8069       1752        279        336      0.161      0.546      0.805      0.684      0.778 
200      1.124       8071       1750        277        338      0.162      0.550      0.806      0.686      0.778 
201     1.1135       8072       1749        276        339      0.162      0.551      0.806      0.687      0.778 
202     1.1272       8072       1749        276        339      0.162      0.551      0.806      0.687      0.778 
203     1.1234       8073       1748        275        340      0.163      0.553      0.806      0.687      0.778 
204     1.1353       8072       1749        276        339      0.162      0.551      0.806      0.687      0.778 
205     1.1365       8071       1750        277        338      0.162      0.550      0.806      0.686      0.778 
206     1.1208       8070       1751        278        337      0.161      0.548      0.806      0.685      0.778 
207     1.1111       8071       1750        277        338      0.162      0.550      0.806      0.686      0.778 
208     1.1311       8071       1750        277        338      0.162      0.550      0.806      0.686      0.778 
209      1.137       8070       1751        278        337      0.161      0.548      0.806      0.685      0.778 
210     1.1315       8067       1754        281        334      0.160      0.543      0.805      0.682      0.778 
211     1.1241       8068       1753        280        335      0.160      0.545      0.805      0.683      0.778 
212     1.1335       8069       1752        279        336      0.161      0.546      0.805      0.684      0.778 
213     1.1301       8069       1752        279        336      0.161      0.546      0.805      0.684      0.778 
214     1.1321       8071       1750        277        338      0.162      0.550      0.806      0.686      0.778 
215     1.1384       8069       1752        279        336      0.161      0.546      0.805      0.684      0.778 
216     1.1216       8067       1754        281        334      0.160      0.543      0.805      0.682      0.778 
217     1.1367       8070       1751        278        337      0.161      0.548      0.806      0.685      0.778 
218     1.1111       8071       1750        277        338      0.162      0.550      0.806      0.686      0.778 
219     1.1119       8073       1748        275        340      0.163      0.553      0.806      0.687      0.779 
220     1.1273       8073       1748        275        340      0.163      0.553      0.806      0.687      0.779 
221     1.1242       8073       1748        275        340      0.163      0.553      0.806      0.687      0.779 
222     1.1228       8073       1748        275        340      0.163      0.553      0.806      0.687      0.779 
223     1.1297       8073       1748        275        340      0.163      0.553      0.806      0.687      0.779 
224     1.1267       8072       1749        276        339      0.162      0.551      0.806      0.687      0.779 
225     1.1186       8070       1751        278        337      0.161      0.548      0.806      0.685      0.779 
226     1.1165       8070       1751        278        337      0.161      0.548      0.806      0.685      0.779 
227     1.1118       8070       1751        278        337      0.161      0.548      0.806      0.685      0.779 
228     1.1149       8070       1751        278        337      0.161      0.548      0.806      0.685      0.779 
229     1.1295       8072       1749        276        339      0.162      0.551      0.806      0.687      0.779 
230      1.143       8069       1752        279        336      0.161      0.546      0.805      0.684      0.779 
231     1.1294       8071       1750        277        338      0.162      0.550      0.806      0.686      0.779 
232     1.1049       8068       1753        280        335      0.160      0.545      0.805      0.683      0.778 
233     1.1292       8070       1751        278        337      0.161      0.548      0.806      0.685      0.779 
234     1.1159       8070       1751        278        337      0.161      0.548      0.806      0.685      0.779 
235     1.1168       8069       1752        279        336      0.161      0.546      0.805      0.684      0.779 
236     1.1092       8069       1752        279        336      0.161      0.546      0.805      0.684      0.780 
237     1.1174       8071       1750        277        338      0.162      0.550      0.806      0.686      0.780 
238     1.1286       8071       1750        277        338      0.162      0.550      0.806      0.686      0.780 
239     1.1158       8072       1749        276        339      0.162      0.551      0.806      0.687      0.780 
240     1.1177       8072       1749        276        339      0.162      0.551      0.806      0.687      0.780 
241     1.1252       8074       1747        274        341      0.163      0.554      0.806      0.688      0.780 
242     1.1155       8074       1747        274        341      0.163      0.554      0.806      0.688      0.780 
243     1.1331       8074       1747        274        341      0.163      0.554      0.806      0.688      0.780 
244     1.1282       8074       1747        274        341      0.163      0.554      0.806      0.688      0.780 
245     1.1266       8076       1745        272        343      0.164      0.558      0.807      0.690      0.780 
246     1.1107       8074       1747        274        341      0.163      0.554      0.806      0.688      0.780 
247     1.1248       8075       1746        273        342      0.164      0.556      0.807      0.689      0.781 
248     1.1352       8074       1747        274        341      0.163      0.554      0.806      0.688      0.781 
249     1.1185       8078       1743        270        345      0.165      0.561      0.807      0.692      0.780 
250     1.1256       8074       1747        274        341      0.163      0.554      0.806      0.688      0.780 
251     1.1295       8071       1750        277        338      0.162      0.550      0.806      0.686      0.780 
252     1.1443       8071       1750        277        338      0.162      0.550      0.806      0.686      0.780 
253     1.1125       8070       1751        278        337      0.161      0.548      0.806      0.685      0.779 
254     1.1191       8069       1752        279        336      0.161      0.546      0.805      0.684      0.780 
255     1.1379       8070       1751        278        337      0.161      0.548      0.806      0.685      0.780 
256     1.1384       8071       1750        277        338      0.162      0.550      0.806      0.686      0.780 
257     1.1138       8070       1751        278        337      0.161      0.548      0.806      0.685      0.780 
258     1.1094       8072       1749        276        339      0.162      0.551      0.806      0.687      0.780 
259     1.1305       8075       1746        273        342      0.164      0.556      0.807      0.689      0.780 
260     1.1201       8076       1745        272        343      0.164      0.558      0.807      0.690      0.780 
261       1.13       8074       1747        274        341      0.163      0.554      0.806      0.688      0.780 
262     1.1299       8073       1748        275        340      0.163      0.553      0.806      0.687      0.780 
263     1.1337       8074       1747        274        341      0.163      0.554      0.806      0.688      0.780 
264     1.1239       8074       1747        274        341      0.163      0.554      0.806      0.688      0.780 
265     1.1184       8074       1747        274        341      0.163      0.554      0.806      0.688      0.780 
266     1.1105       8075       1746        273        342      0.164      0.556      0.807      0.689      0.780 
267     1.1284       8076       1745        272        343      0.164      0.558      0.807      0.690      0.780 
268     1.1353       8077       1744        271        344      0.165      0.559      0.807      0.691      0.780 
269     1.1198       8076       1745        272        343      0.164      0.558      0.807      0.690      0.780 
270     1.1319       8076       1745        272        343      0.164      0.558      0.807      0.690      0.780 
271     1.1358       8077       1744        271        344      0.165      0.559      0.807      0.691      0.780 
272     1.1204       8076       1745        272        343      0.164      0.558      0.807      0.690      0.780 
273     1.1117       8073       1748        275        340      0.163      0.553      0.806      0.687      0.780 
274     1.1231       8075       1746        273        342      0.164      0.556      0.807      0.689      0.780 
275     1.1169       8075       1746        273        342      0.164      0.556      0.807      0.689      0.780 
276     1.1171       8076       1745        272        343      0.164      0.558      0.807      0.690      0.780 
277     1.1261       8074       1747        274        341      0.163      0.554      0.806      0.688      0.780 
278     1.1375       8074       1747        274        341      0.163      0.554      0.806      0.688      0.780 
279     1.1294       8073       1748        275        340      0.163      0.553      0.806      0.687      0.780 
280      1.126       8073       1748        275        340      0.163      0.553      0.806      0.687      0.780 
281     1.1247       8073       1748        275        340      0.163      0.553      0.806      0.687      0.780 
282     1.1256       8074       1747        274        341      0.163      0.554      0.806      0.688      0.780 
283     1.1173       8075       1746        273        342      0.164      0.556      0.807      0.689      0.781 
284     1.1163       8074       1747        274        341      0.163      0.554      0.806      0.688      0.781 
285       1.12       8073       1748        275        340      0.163      0.553      0.806      0.687      0.781 
286     1.1235       8074       1747        274        341      0.163      0.554      0.806      0.688      0.781 
287     1.1135       8076       1745        272        343      0.164      0.558      0.807      0.690      0.781 
288     1.1282       8080       1741        268        347      0.166      0.564      0.807      0.693      0.781 
289     1.1162       8080       1741        268        347      0.166      0.564      0.807      0.693      0.781 
290     1.1176       8079       1742        269        346      0.166      0.563      0.807      0.693      0.781 
291     1.1233       8077       1744        271        344      0.165      0.559      0.807      0.691      0.781 
292     1.1236       8075       1746        273        342      0.164      0.556      0.807      0.689      0.781 
293     1.1252       8076       1745        272        343      0.164      0.558      0.807      0.690      0.781 
294     1.1305       8076       1745        272        343      0.164      0.558      0.807      0.690      0.781 
295     1.1167       8077       1744        271        344      0.165      0.559      0.807      0.691      0.781 
296     1.1194       8077       1744        271        344      0.165      0.559      0.807      0.691      0.781 
297     1.1145       8076       1745        272        343      0.164      0.558      0.807      0.690      0.781 
298     1.1248       8074       1747        274        341      0.163      0.554      0.806      0.688      0.781 
299     1.1213       8076       1745        272        343      0.164      0.558      0.807      0.690      0.781 
300     1.1086       8079       1742        269        346      0.166      0.563      0.807      0.693      0.781 
