# Number of nodes=10436; Number of edges=824342; Number of node features=5; Model: gtn.
epoch       loss         tn         fp         fn         tp       prec        rec        acc       bacc        auc 
1     1.9038       6383       1473        295        197      0.118      0.400      0.788      0.606      0.697 
2      1.587       6387       1469        291        201      0.120      0.409      0.789      0.611      0.701 
3     1.4823       6389       1467        289        203      0.122      0.413      0.790      0.613      0.693 
4     1.2558       6379       1477        299        193      0.116      0.392      0.787      0.602      0.665 
5     1.2361       6375       1481        303        189      0.113      0.384      0.786      0.598      0.641 
6     1.3026       6379       1477        299        193      0.116      0.392      0.787      0.602      0.650 
7     1.3048       6390       1466        288        204      0.122      0.415      0.790      0.614      0.676 
8     1.2612       6397       1459        281        211      0.126      0.429      0.792      0.622      0.694 
9     1.2218       6407       1449        271        221      0.132      0.449      0.794      0.632      0.705 
10        1.2       6407       1449        271        221      0.132      0.449      0.794      0.632      0.711 
11     1.2005       6410       1446        268        224      0.134      0.455      0.795      0.636      0.715 
12     1.2191       6411       1445        267        225      0.135      0.457      0.795      0.637      0.717 
13     1.2195       6411       1445        267        225      0.135      0.457      0.795      0.637      0.719 
14     1.2039       6408       1448        270        222      0.133      0.451      0.794      0.633      0.719 
15     1.1864       6407       1449        271        221      0.132      0.449      0.794      0.632      0.719 
16      1.167       6409       1447        269        223      0.134      0.453      0.794      0.635      0.719 
17     1.1738       6412       1444        266        226      0.135      0.459      0.795      0.638      0.720 
18     1.1705       6413       1443        265        227      0.136      0.461      0.795      0.639      0.721 
19      1.174       6415       1441        263        229      0.137      0.465      0.796      0.641      0.724 
20     1.1708       6417       1439        261        231      0.138      0.470      0.796      0.643      0.728 
21     1.1698       6423       1433        255        237      0.142      0.482      0.798      0.650      0.734 
22     1.1412       6436       1420        242        250      0.150      0.508      0.801      0.664      0.740 
23      1.142       6434       1422        244        248      0.149      0.504      0.800      0.662      0.746 
24      1.136       6447       1409        231        261      0.156      0.530      0.804      0.676      0.751 
25      1.142       6449       1407        229        263      0.157      0.535      0.804      0.678      0.754 
26     1.1459       6454       1402        224        268      0.160      0.545      0.805      0.683      0.755 
27     1.1357       6454       1402        224        268      0.160      0.545      0.805      0.683      0.755 
28     1.1086       6451       1405        227        265      0.159      0.539      0.805      0.680      0.756 
29      1.119       6453       1403        225        267      0.160      0.543      0.805      0.682      0.756 
30     1.1125       6454       1402        224        268      0.160      0.545      0.805      0.683      0.757 
31     1.1193       6455       1401        223        269      0.161      0.547      0.805      0.684      0.758 
32     1.1126       6459       1397        219        273      0.163      0.555      0.806      0.689      0.760 
33     1.1172       6463       1393        215        277      0.166      0.563      0.807      0.693      0.761 
34     1.1048       6464       1392        214        278      0.166      0.565      0.808      0.694      0.763 
35     1.1052       6460       1396        218        274      0.164      0.557      0.807      0.690      0.764 
36      1.114       6460       1396        218        274      0.164      0.557      0.807      0.690      0.765 
37     1.1179       6460       1396        218        274      0.164      0.557      0.807      0.690      0.766 
38     1.1132       6461       1395        217        275      0.165      0.559      0.807      0.691      0.768 
39     1.0961       6465       1391        213        279      0.167      0.567      0.808      0.695      0.770 
40      1.111       6464       1392        214        278      0.166      0.565      0.808      0.694      0.771 
41     1.1007       6464       1392        214        278      0.166      0.565      0.808      0.694      0.773 
42     1.0888       6464       1392        214        278      0.166      0.565      0.808      0.694      0.775 
43     1.0839       6467       1389        211        281      0.168      0.571      0.808      0.697      0.778 
44     1.0927       6469       1387        209        283      0.169      0.575      0.809      0.699      0.780 
45     1.1059       6472       1384        206        286      0.171      0.581      0.810      0.703      0.783 
46     1.0871       6472       1384        206        286      0.171      0.581      0.810      0.703      0.785 
47     1.0728       6472       1384        206        286      0.171      0.581      0.810      0.703      0.787 
48     1.0704       6471       1385        207        285      0.171      0.579      0.809      0.701      0.788 
49     1.0662       6471       1385        207        285      0.171      0.579      0.809      0.701      0.790 
50      1.064       6475       1381        203        289      0.173      0.587      0.810      0.706      0.792 
51     1.0556       6479       1377        199        293      0.175      0.596      0.811      0.710      0.794 
52     1.0498       6483       1373        195        297      0.178      0.604      0.812      0.714      0.795 
53     1.0594       6489       1367        189        303      0.181      0.616      0.814      0.721      0.797 
54     1.0538       6491       1365        187        305      0.183      0.620      0.814      0.723      0.798 
55     1.0542       6490       1366        188        304      0.182      0.618      0.814      0.722      0.799 
56     1.0481       6494       1362        184        308      0.184      0.626      0.815      0.726      0.800 
57     1.0461       6497       1359        181        311      0.186      0.632      0.816      0.730      0.801 
58     1.0341       6497       1359        181        311      0.186      0.632      0.816      0.730      0.803 
59     1.0426       6498       1358        180        312      0.187      0.634      0.816      0.731      0.804 
60     1.0495       6501       1355        177        315      0.189      0.640      0.816      0.734      0.806 
61     1.0321       6497       1359        181        311      0.186      0.632      0.816      0.730      0.806 
62     1.0379       6497       1359        181        311      0.186      0.632      0.816      0.730      0.806 
63      1.058       6497       1359        181        311      0.186      0.632      0.816      0.730      0.806 
64     1.0397       6500       1356        178        314      0.188      0.638      0.816      0.733      0.807 
65     1.0455       6499       1357        179        313      0.187      0.636      0.816      0.732      0.807 
66     1.0413       6497       1359        181        311      0.186      0.632      0.816      0.730      0.808 
67     1.0492       6501       1355        177        315      0.189      0.640      0.816      0.734      0.809 
68     1.0476       6502       1354        176        316      0.189      0.642      0.817      0.735      0.811 
69     1.0442       6503       1353        175        317      0.190      0.644      0.817      0.736      0.812 
70     1.0421       6499       1357        179        313      0.187      0.636      0.816      0.732      0.812 
71     1.0333       6496       1360        182        310      0.186      0.630      0.815      0.728      0.811 
72     1.0263       6495       1361        183        309      0.185      0.628      0.815      0.727      0.810 
73     1.0253       6495       1361        183        309      0.185      0.628      0.815      0.727      0.809 
74     1.0363       6497       1359        181        311      0.186      0.632      0.816      0.730      0.809 
75     1.0387       6500       1356        178        314      0.188      0.638      0.816      0.733      0.810 
76     1.0243       6504       1352        174        318      0.190      0.646      0.817      0.737      0.811 
77     1.0292       6507       1349        171        321      0.192      0.652      0.818      0.740      0.812 
78     1.0288       6509       1347        169        323      0.193      0.657      0.818      0.743      0.813 
79     1.0161       6508       1348        170        322      0.193      0.654      0.818      0.741      0.814 
80     1.0147       6510       1346        168        324      0.194      0.659      0.819      0.744      0.816 
81     1.0091       6513       1343        165        327      0.196      0.665      0.819      0.747      0.817 
82     1.0047       6512       1344        166        326      0.195      0.663      0.819      0.746      0.818 
83     1.0156       6514       1342        164        328      0.196      0.667      0.820      0.748      0.819 
84     1.0108       6513       1343        165        327      0.196      0.665      0.819      0.747      0.820 
85     1.0039       6514       1342        164        328      0.196      0.667      0.820      0.748      0.820 
86     1.0153       6513       1343        165        327      0.196      0.665      0.819      0.747      0.821 
87     1.0058       6513       1343        165        327      0.196      0.665      0.819      0.747      0.822 
88     1.0116       6517       1339        161        331      0.198      0.673      0.820      0.751      0.823 
89     1.0095       6515       1341        163        329      0.197      0.669      0.820      0.749      0.824 
90    0.99336       6513       1343        165        327      0.196      0.665      0.819      0.747      0.825 
91     1.0041       6516       1340        162        330      0.198      0.671      0.820      0.750      0.826 
92    0.99184       6516       1340        162        330      0.198      0.671      0.820      0.750      0.827 
93     1.0066       6516       1340        162        330      0.198      0.671      0.820      0.750      0.827 
94     1.0095       6517       1339        161        331      0.198      0.673      0.820      0.751      0.828 
95     1.0002       6520       1336        158        334      0.200      0.679      0.821      0.754      0.829 
96     1.0089       6521       1335        157        335      0.201      0.681      0.821      0.755      0.830 
97     1.0001       6520       1336        158        334      0.200      0.679      0.821      0.754      0.831 
98    0.99297       6520       1336        158        334      0.200      0.679      0.821      0.754      0.831 
99    0.99588       6520       1336        158        334      0.200      0.679      0.821      0.754      0.831 
100     1.0088       6519       1337        159        333      0.199      0.677      0.821      0.753      0.831 
101     0.9997       6519       1337        159        333      0.199      0.677      0.821      0.753      0.831 
102    0.99967       6520       1336        158        334      0.200      0.679      0.821      0.754      0.831 
103    0.98817       6518       1338        160        332      0.199      0.675      0.821      0.752      0.832 
104    0.99155       6521       1335        157        335      0.201      0.681      0.821      0.755      0.833 
105     1.0038       6521       1335        157        335      0.201      0.681      0.821      0.755      0.834 
106     0.9824       6522       1334        156        336      0.201      0.683      0.822      0.757      0.834 
107    0.99278       6519       1337        159        333      0.199      0.677      0.821      0.753      0.834 
108    0.99728       6518       1338        160        332      0.199      0.675      0.821      0.752      0.834 
109    0.98331       6519       1337        159        333      0.199      0.677      0.821      0.753      0.835 
110     0.9832       6523       1333        155        337      0.202      0.685      0.822      0.758      0.837 
111    0.97833       6523       1333        155        337      0.202      0.685      0.822      0.758      0.839 
112    0.97656       6528       1328        150        342      0.205      0.695      0.823      0.763      0.839 
113    0.98079       6525       1331        153        339      0.203      0.689      0.822      0.760      0.837 
114    0.97297       6525       1331        153        339      0.203      0.689      0.822      0.760      0.837 
115    0.96416       6528       1328        150        342      0.205      0.695      0.823      0.763      0.838 
116    0.96822       6529       1327        149        343      0.205      0.697      0.823      0.764      0.839 
117    0.98397       6530       1326        148        344      0.206      0.699      0.823      0.765      0.840 
118    0.99068       6532       1324        146        346      0.207      0.703      0.824      0.767      0.841 
119     0.9848       6530       1326        148        344      0.206      0.699      0.823      0.765      0.842 
120    0.95942       6532       1324        146        346      0.207      0.703      0.824      0.767      0.843 
121    0.97964       6532       1324        146        346      0.207      0.703      0.824      0.767      0.844 
122    0.96675       6535       1321        143        349      0.209      0.709      0.825      0.771      0.845 
123     0.9628       6536       1320        142        350      0.210      0.711      0.825      0.772      0.845 
124    0.97603       6533       1323        145        347      0.208      0.705      0.824      0.768      0.846 
125    0.96974       6535       1321        143        349      0.209      0.709      0.825      0.771      0.847 
126    0.96503       6536       1320        142        350      0.210      0.711      0.825      0.772      0.848 
127     0.9675       6534       1322        144        348      0.208      0.707      0.824      0.770      0.847 
128    0.96747       6533       1323        145        347      0.208      0.705      0.824      0.768      0.848 
129    0.97716       6538       1318        140        352      0.211      0.715      0.825      0.774      0.849 
130    0.93929       6537       1319        141        351      0.210      0.713      0.825      0.773      0.851 
131    0.94154       6535       1321        143        349      0.209      0.709      0.825      0.771      0.851 
132    0.96699       6533       1323        145        347      0.208      0.705      0.824      0.768      0.851 
133    0.95242       6537       1319        141        351      0.210      0.713      0.825      0.773      0.850 
134    0.95303       6540       1316        138        354      0.212      0.720      0.826      0.776      0.850 
135    0.94204       6540       1316        138        354      0.212      0.720      0.826      0.776      0.850 
136    0.97529       6541       1315        137        355      0.213      0.722      0.826      0.777      0.850 
137    0.95275       6541       1315        137        355      0.213      0.722      0.826      0.777      0.851 
138    0.95722       6540       1316        138        354      0.212      0.720      0.826      0.776      0.853 
139    0.94299       6537       1319        141        351      0.210      0.713      0.825      0.773      0.854 
140    0.97683       6537       1319        141        351      0.210      0.713      0.825      0.773      0.854 
141    0.94616       6539       1317        139        353      0.211      0.717      0.826      0.775      0.854 
142    0.94894       6539       1317        139        353      0.211      0.717      0.826      0.775      0.855 
143    0.95032       6542       1314        136        356      0.213      0.724      0.826      0.778      0.856 
144    0.93866       6543       1313        135        357      0.214      0.726      0.827      0.779      0.857 
145    0.94027       6547       1309        131        361      0.216      0.734      0.828      0.784      0.859 
146    0.94094       6546       1310        132        360      0.216      0.732      0.827      0.782      0.860 
147    0.95338       6547       1309        131        361      0.216      0.734      0.828      0.784      0.861 
148    0.95343       6544       1312        134        358      0.214      0.728      0.827      0.780      0.861 
149    0.93325       6545       1311        133        359      0.215      0.730      0.827      0.781      0.861 
150    0.92573       6545       1311        133        359      0.215      0.730      0.827      0.781      0.862 
151    0.92707       6548       1308        130        362      0.217      0.736      0.828      0.785      0.861 
152     0.9304       6548       1308        130        362      0.217      0.736      0.828      0.785      0.861 
153    0.94413       6551       1305        127        365      0.219      0.742      0.828      0.788      0.863 
154    0.92588       6550       1306        128        364      0.218      0.740      0.828      0.787      0.864 
155    0.92413       6546       1310        132        360      0.216      0.732      0.827      0.782      0.864 
156    0.94408       6547       1309        131        361      0.216      0.734      0.828      0.784      0.864 
157     0.9238       6548       1308        130        362      0.217      0.736      0.828      0.785      0.865 
158    0.91492       6550       1306        128        364      0.218      0.740      0.828      0.787      0.865 
159    0.93723       6552       1304        126        366      0.219      0.744      0.829      0.789      0.865 
160      0.924       6550       1306        128        364      0.218      0.740      0.828      0.787      0.865 
161    0.94048       6549       1307        129        363      0.217      0.738      0.828      0.786      0.865 
162     0.9133       6552       1304        126        366      0.219      0.744      0.829      0.789      0.866 
163    0.92218       6553       1303        125        367      0.220      0.746      0.829      0.790      0.867 
164    0.92525       6551       1305        127        365      0.219      0.742      0.828      0.788      0.867 
165    0.92973       6552       1304        126        366      0.219      0.744      0.829      0.789      0.867 
166    0.91436       6552       1304        126        366      0.219      0.744      0.829      0.789      0.868 
167    0.91916       6556       1300        122        370      0.222      0.752      0.830      0.793      0.869 
168    0.89862       6557       1299        121        371      0.222      0.754      0.830      0.794      0.869 
169    0.91822       6557       1299        121        371      0.222      0.754      0.830      0.794      0.868 
170    0.91651       6557       1299        121        371      0.222      0.754      0.830      0.794      0.868 
171    0.92979       6554       1302        124        368      0.220      0.748      0.829      0.791      0.868 
172    0.93117       6555       1301        123        369      0.221      0.750      0.829      0.792      0.868 
173     0.9297       6554       1302        124        368      0.220      0.748      0.829      0.791      0.870 
174    0.92178       6556       1300        122        370      0.222      0.752      0.830      0.793      0.870 
175    0.91998       6557       1299        121        371      0.222      0.754      0.830      0.794      0.871 
176    0.92237       6556       1300        122        370      0.222      0.752      0.830      0.793      0.871 
177    0.92951       6557       1299        121        371      0.222      0.754      0.830      0.794      0.871 
178    0.92628       6554       1302        124        368      0.220      0.748      0.829      0.791      0.871 
179     0.8841       6556       1300        122        370      0.222      0.752      0.830      0.793      0.872 
180    0.92077       6557       1299        121        371      0.222      0.754      0.830      0.794      0.873 
181    0.91266       6557       1299        121        371      0.222      0.754      0.830      0.794      0.873 
182    0.89043       6556       1300        122        370      0.222      0.752      0.830      0.793      0.874 
183    0.92494       6558       1298        120        372      0.223      0.756      0.830      0.795      0.875 
184    0.92971       6556       1300        122        370      0.222      0.752      0.830      0.793      0.875 
185    0.93771       6557       1299        121        371      0.222      0.754      0.830      0.794      0.875 
186    0.91798       6557       1299        121        371      0.222      0.754      0.830      0.794      0.876 
187     0.9114       6559       1297        119        373      0.223      0.758      0.830      0.797      0.877 
188    0.90359       6563       1293        115        377      0.226      0.766      0.831      0.801      0.878 
189    0.90434       6559       1297        119        373      0.223      0.758      0.830      0.797      0.877 
190    0.92056       6560       1296        118        374      0.224      0.760      0.831      0.798      0.877 
191    0.91285       6562       1294        116        376      0.225      0.764      0.831      0.800      0.876 
192    0.91629       6564       1292        114        378      0.226      0.768      0.832      0.802      0.876 
193    0.91067       6560       1296        118        374      0.224      0.760      0.831      0.798      0.876 
194    0.88631       6562       1294        116        376      0.225      0.764      0.831      0.800      0.877 
195       0.92       6562       1294        116        376      0.225      0.764      0.831      0.800      0.877 
196    0.90628       6562       1294        116        376      0.225      0.764      0.831      0.800      0.876 
197    0.89514       6565       1291        113        379      0.227      0.770      0.832      0.803      0.877 
198    0.89197       6566       1290        112        380      0.228      0.772      0.832      0.804      0.877 
199    0.90588       6563       1293        115        377      0.226      0.766      0.831      0.801      0.877 
200    0.90304       6561       1295        117        375      0.225      0.762      0.831      0.799      0.877 
201    0.89571       6561       1295        117        375      0.225      0.762      0.831      0.799      0.878 
202    0.90476       6562       1294        116        376      0.225      0.764      0.831      0.800      0.880 
203    0.89644       6569       1287        109        383      0.229      0.778      0.833      0.807      0.883 
204    0.90141       6566       1290        112        380      0.228      0.772      0.832      0.804      0.885 
205    0.89066       6570       1286        108        384      0.230      0.780      0.833      0.808      0.885 
206    0.89031       6567       1289        111        381      0.228      0.774      0.832      0.805      0.885 
207    0.88663       6567       1289        111        381      0.228      0.774      0.832      0.805      0.885 
208    0.89719       6569       1287        109        383      0.229      0.778      0.833      0.807      0.885 
209    0.89937       6567       1289        111        381      0.228      0.774      0.832      0.805      0.884 
210    0.89411       6565       1291        113        379      0.227      0.770      0.832      0.803      0.885 
211    0.88947       6561       1295        117        375      0.225      0.762      0.831      0.799      0.884 
212    0.89992       6566       1290        112        380      0.228      0.772      0.832      0.804      0.884 
213    0.90046       6567       1289        111        381      0.228      0.774      0.832      0.805      0.883 
214    0.88923       6568       1288        110        382      0.229      0.776      0.833      0.806      0.884 
215    0.89911       6569       1287        109        383      0.229      0.778      0.833      0.807      0.885 
216    0.89321       6569       1287        109        383      0.229      0.778      0.833      0.807      0.885 
217    0.89086       6568       1288        110        382      0.229      0.776      0.833      0.806      0.885 
218    0.89673       6567       1289        111        381      0.228      0.774      0.832      0.805      0.885 
219    0.88773       6571       1285        107        385      0.231      0.783      0.833      0.809      0.886 
220    0.88019       6570       1286        108        384      0.230      0.780      0.833      0.808      0.887 
221    0.86829       6569       1287        109        383      0.229      0.778      0.833      0.807      0.887 
222    0.87723       6565       1291        113        379      0.227      0.770      0.832      0.803      0.886 
223    0.87269       6567       1289        111        381      0.228      0.774      0.832      0.805      0.886 
224    0.89418       6568       1288        110        382      0.229      0.776      0.833      0.806      0.886 
225    0.87973       6568       1288        110        382      0.229      0.776      0.833      0.806      0.887 
226    0.86669       6567       1289        111        381      0.228      0.774      0.832      0.805      0.889 
227    0.88162       6563       1293        115        377      0.226      0.766      0.831      0.801      0.888 
228    0.88063       6564       1292        114        378      0.226      0.768      0.832      0.802      0.888 
229    0.90146       6563       1293        115        377      0.226      0.766      0.831      0.801      0.887 
230    0.92762       6567       1289        111        381      0.228      0.774      0.832      0.805      0.888 
231    0.89403       6569       1287        109        383      0.229      0.778      0.833      0.807      0.889 
232    0.86511       6574       1282        104        388      0.232      0.789      0.834      0.813      0.891 
233    0.89939       6574       1282        104        388      0.232      0.789      0.834      0.813      0.893 
234    0.88585       6572       1284        106        386      0.231      0.785      0.833      0.811      0.892 
235    0.87303       6571       1285        107        385      0.231      0.783      0.833      0.809      0.891 
236    0.87665       6575       1281        103        389      0.233      0.791      0.834      0.814      0.891 
237    0.88114       6574       1282        104        388      0.232      0.789      0.834      0.813      0.892 
238    0.85873       6574       1282        104        388      0.232      0.789      0.834      0.813      0.893 
239    0.89251       6576       1280        102        390      0.234      0.793      0.834      0.815      0.894 
240    0.88315       6577       1279        101        391      0.234      0.795      0.835      0.816      0.894 
241    0.86814       6575       1281        103        389      0.233      0.791      0.834      0.814      0.895 
242    0.85105       6575       1281        103        389      0.233      0.791      0.834      0.814      0.895 
243    0.88612       6573       1283        105        387      0.232      0.787      0.834      0.812      0.896 
244    0.86467       6574       1282        104        388      0.232      0.789      0.834      0.813      0.896 
245    0.88037       6576       1280        102        390      0.234      0.793      0.834      0.815      0.896 
246    0.85954       6578       1278        100        392      0.235      0.797      0.835      0.817      0.896 
247    0.85227       6578       1278        100        392      0.235      0.797      0.835      0.817      0.896 
248    0.86126       6578       1278        100        392      0.235      0.797      0.835      0.817      0.897 
249    0.87632       6581       1275         97        395      0.237      0.803      0.836      0.820      0.896 
250    0.85785       6581       1275         97        395      0.237      0.803      0.836      0.820      0.897 
251    0.83449       6581       1275         97        395      0.237      0.803      0.836      0.820      0.898 
252    0.84093       6581       1275         97        395      0.237      0.803      0.836      0.820      0.899 
253    0.88203       6582       1274         96        396      0.237      0.805      0.836      0.821      0.900 
254    0.84623       6579       1277         99        393      0.235      0.799      0.835      0.818      0.900 
255    0.84859       6581       1275         97        395      0.237      0.803      0.836      0.820      0.900 
256    0.84981       6581       1275         97        395      0.237      0.803      0.836      0.820      0.902 
257    0.85693       6584       1272         94        398      0.238      0.809      0.836      0.824      0.903 
258    0.85488       6585       1271         93        399      0.239      0.811      0.837      0.825      0.903 
259    0.86026       6586       1270         92        400      0.240      0.813      0.837      0.826      0.902 
260    0.85457       6585       1271         93        399      0.239      0.811      0.837      0.825      0.901 
261    0.86509       6581       1275         97        395      0.237      0.803      0.836      0.820      0.901 
262    0.85736       6577       1279        101        391      0.234      0.795      0.835      0.816      0.902 
263     0.8724       6578       1278        100        392      0.235      0.797      0.835      0.817      0.900 
264    0.87862       6580       1276         98        394      0.236      0.801      0.835      0.819      0.900 
265    0.83945       6583       1273         95        397      0.238      0.807      0.836      0.822      0.901 
266     0.8497       6583       1273         95        397      0.238      0.807      0.836      0.822      0.902 
267     0.8607       6581       1275         97        395      0.237      0.803      0.836      0.820      0.903 
268    0.85527       6582       1274         96        396      0.237      0.805      0.836      0.821      0.903 
269    0.87371       6585       1271         93        399      0.239      0.811      0.837      0.825      0.903 
270    0.86118       6582       1274         96        396      0.237      0.805      0.836      0.821      0.903 
271    0.85532       6578       1278        100        392      0.235      0.797      0.835      0.817      0.904 
272    0.84331       6578       1278        100        392      0.235      0.797      0.835      0.817      0.904 
273    0.84436       6581       1275         97        395      0.237      0.803      0.836      0.820      0.905 
274    0.86136       6586       1270         92        400      0.240      0.813      0.837      0.826      0.905 
275     0.8349       6585       1271         93        399      0.239      0.811      0.837      0.825      0.905 
276    0.82757       6581       1275         97        395      0.237      0.803      0.836      0.820      0.905 
277    0.83433       6585       1271         93        399      0.239      0.811      0.837      0.825      0.905 
278    0.85035       6586       1270         92        400      0.240      0.813      0.837      0.826      0.904 
279    0.87035       6587       1269         91        401      0.240      0.815      0.837      0.827      0.903 
280    0.85157       6586       1270         92        400      0.240      0.813      0.837      0.826      0.901 
281    0.85681       6587       1269         91        401      0.240      0.815      0.837      0.827      0.904 
282    0.84135       6586       1270         92        400      0.240      0.813      0.837      0.826      0.905 
283    0.84404       6585       1271         93        399      0.239      0.811      0.837      0.825      0.904 
284     0.8562       6587       1269         91        401      0.240      0.815      0.837      0.827      0.903 
285    0.86218       6586       1270         92        400      0.240      0.813      0.837      0.826      0.902 
286    0.87889       6588       1268         90        402      0.241      0.817      0.837      0.828      0.902 
287    0.86766       6588       1268         90        402      0.241      0.817      0.837      0.828      0.904 
288    0.83595       6592       1264         86        406      0.243      0.825      0.838      0.832      0.906 
289    0.84464       6587       1269         91        401      0.240      0.815      0.837      0.827      0.905 
290    0.83735       6583       1273         95        397      0.238      0.807      0.836      0.822      0.905 
291    0.82433       6584       1272         94        398      0.238      0.809      0.836      0.824      0.904 
292    0.83841       6585       1271         93        399      0.239      0.811      0.837      0.825      0.903 
293    0.86042       6590       1266         88        404      0.242      0.821      0.838      0.830      0.905 
294    0.83685       6594       1262         84        408      0.244      0.829      0.839      0.834      0.908 
295    0.85123       6597       1259         81        411      0.246      0.835      0.839      0.838      0.908 
296    0.86873       6589       1267         89        403      0.241      0.819      0.838      0.829      0.906 
297    0.85642       6591       1265         87        405      0.243      0.823      0.838      0.831      0.905 
298    0.88717       6587       1269         91        401      0.240      0.815      0.837      0.827      0.906 
299    0.83613       6590       1266         88        404      0.242      0.821      0.838      0.830      0.907 
300    0.84162       6593       1263         85        407      0.244      0.827      0.839      0.833      0.908 
