# Number of nodes=10436; Number of edges=824342; Number of node features=5; Model: sage.
epoch       loss         tn         fp         fn         tp       prec        rec        acc       bacc        auc 
1     1.5221       7922       1899        426        189      0.091      0.307      0.777      0.557      0.549 
2     1.4174       7894       1927        454        161      0.077      0.262      0.772      0.533      0.511 
3     1.3982       7876       1945        472        143      0.068      0.233      0.768      0.517      0.483 
4     1.3927       7860       1961        488        127      0.061      0.207      0.765      0.503      0.469 
5      1.413       7837       1984        501        114      0.054      0.185      0.762      0.492      0.464 
6     1.4323       7839       1982        498        117      0.056      0.190      0.762      0.494      0.467 
7     1.4039       7874       1947        474        141      0.068      0.229      0.768      0.516      0.478 
8     1.4134       7886       1935        462        153      0.073      0.249      0.770      0.526      0.498 
9     1.3772       7910       1911        438        177      0.085      0.288      0.775      0.547      0.525 
10     1.3622       7932       1889        416        199      0.095      0.324      0.779      0.566      0.558 
11     1.3106       7948       1873        400        215      0.103      0.350      0.782      0.579      0.594 
12      1.336       7963       1858        385        230      0.110      0.374      0.785      0.592      0.626 
13     1.3349       7969       1852        379        236      0.113      0.384      0.786      0.598      0.646 
14     1.3405       7975       1846        373        242      0.116      0.393      0.787      0.603      0.654 
15     1.3373       7976       1845        372        243      0.116      0.395      0.788      0.604      0.654 
16     1.2926       7973       1848        375        240      0.115      0.390      0.787      0.601      0.648 
17     1.2995       7970       1851        378        237      0.114      0.385      0.786      0.598      0.640 
18     1.2725       7964       1857        384        231      0.111      0.376      0.785      0.593      0.633 
19     1.2879       7963       1858        385        230      0.110      0.374      0.785      0.592      0.630 
20     1.2666       7962       1859        386        229      0.110      0.372      0.785      0.592      0.633 
21     1.2762       7970       1851        378        237      0.114      0.385      0.786      0.598      0.644 
22     1.2906       7981       1840        367        248      0.119      0.403      0.789      0.608      0.661 
23     1.2781       7986       1835        362        253      0.121      0.411      0.789      0.612      0.678 
24     1.2574       7995       1826        353        262      0.125      0.426      0.791      0.620      0.693 
25     1.2611       7998       1823        350        265      0.127      0.431      0.792      0.623      0.704 
26      1.257       8008       1813        340        275      0.132      0.447      0.794      0.631      0.710 
27     1.2495       8010       1811        338        277      0.133      0.450      0.794      0.633      0.714 
28     1.2624       8013       1808        335        280      0.134      0.455      0.795      0.636      0.715 
29     1.2427       8009       1812        339        276      0.132      0.449      0.794      0.632      0.715 
30     1.2501       8008       1813        340        275      0.132      0.447      0.794      0.631      0.714 
31     1.2458       8007       1814        341        274      0.131      0.446      0.794      0.630      0.712 
32     1.2233       8010       1811        338        277      0.133      0.450      0.794      0.633      0.712 
33      1.235       8011       1810        337        278      0.133      0.452      0.794      0.634      0.713 
34     1.2439       8009       1812        339        276      0.132      0.449      0.794      0.632      0.715 
35     1.2325       8010       1811        338        277      0.133      0.450      0.794      0.633      0.718 
36     1.2321       8011       1810        337        278      0.133      0.452      0.794      0.634      0.721 
37     1.2168       8012       1809        336        279      0.134      0.454      0.794      0.635      0.723 
38     1.2235       8013       1808        335        280      0.134      0.455      0.795      0.636      0.725 
39     1.2276       8016       1805        332        283      0.136      0.460      0.795      0.638      0.726 
40     1.2201       8016       1805        332        283      0.136      0.460      0.795      0.638      0.726 
41     1.2329       8016       1805        332        283      0.136      0.460      0.795      0.638      0.726 
42     1.2228       8018       1803        330        285      0.136      0.463      0.796      0.640      0.726 
43     1.2215       8019       1802        329        286      0.137      0.465      0.796      0.641      0.726 
44     1.2144       8019       1802        329        286      0.137      0.465      0.796      0.641      0.726 
45     1.2231       8020       1801        328        287      0.137      0.467      0.796      0.642      0.727 
46     1.2239       8022       1799        326        289      0.138      0.470      0.796      0.643      0.728 
47     1.2161       8020       1801        328        287      0.137      0.467      0.796      0.642      0.729 
48     1.2122       8024       1797        324        291      0.139      0.473      0.797      0.645      0.731 
49     1.2076       8023       1798        325        290      0.139      0.472      0.797      0.644      0.732 
50     1.1987       8025       1796        323        292      0.140      0.475      0.797      0.646      0.734 
51     1.2094       8027       1794        321        294      0.141      0.478      0.797      0.648      0.735 
52     1.2064       8027       1794        321        294      0.141      0.478      0.797      0.648      0.736 
53     1.2134       8028       1793        320        295      0.141      0.480      0.798      0.649      0.736 
54     1.2117       8030       1791        318        297      0.142      0.483      0.798      0.650      0.737 
55     1.2151       8029       1792        319        296      0.142      0.481      0.798      0.649      0.737 
56     1.2139       8032       1789        316        299      0.143      0.486      0.798      0.652      0.738 
57     1.1896       8032       1789        316        299      0.143      0.486      0.798      0.652      0.739 
58     1.2053       8032       1789        316        299      0.143      0.486      0.798      0.652      0.740 
59     1.2035       8032       1789        316        299      0.143      0.486      0.798      0.652      0.741 
60     1.2114       8032       1789        316        299      0.143      0.486      0.798      0.652      0.741 
61      1.196       8031       1790        317        298      0.143      0.485      0.798      0.651      0.742 
62     1.1998       8033       1788        315        300      0.144      0.488      0.798      0.653      0.743 
63     1.1949       8033       1788        315        300      0.144      0.488      0.798      0.653      0.744 
64     1.1969       8034       1787        314        301      0.144      0.489      0.799      0.654      0.745 
65     1.1925       8029       1792        319        296      0.142      0.481      0.798      0.649      0.745 
66     1.1898       8030       1791        318        297      0.142      0.483      0.798      0.650      0.745 
67     1.1819       8030       1791        318        297      0.142      0.483      0.798      0.650      0.745 
68     1.2024       8030       1791        318        297      0.142      0.483      0.798      0.650      0.746 
69     1.1972       8029       1792        319        296      0.142      0.481      0.798      0.649      0.747 
70     1.1863       8032       1789        316        299      0.143      0.486      0.798      0.652      0.747 
71     1.1985       8031       1790        317        298      0.143      0.485      0.798      0.651      0.747 
72     1.2042       8033       1788        315        300      0.144      0.488      0.798      0.653      0.747 
73     1.1868       8033       1788        315        300      0.144      0.488      0.798      0.653      0.747 
74     1.1996       8030       1791        318        297      0.142      0.483      0.798      0.650      0.747 
75     1.1898       8034       1787        314        301      0.144      0.489      0.799      0.654      0.747 
76     1.1873       8035       1786        313        302      0.145      0.491      0.799      0.655      0.748 
77     1.1835       8037       1784        311        304      0.146      0.494      0.799      0.656      0.748 
78     1.1947       8037       1784        311        304      0.146      0.494      0.799      0.656      0.749 
79      1.181       8039       1782        309        306      0.147      0.498      0.800      0.658      0.750 
80     1.1988       8040       1781        308        307      0.147      0.499      0.800      0.659      0.750 
81     1.1996       8038       1783        310        305      0.146      0.496      0.799      0.657      0.750 
82     1.1782       8035       1786        313        302      0.145      0.491      0.799      0.655      0.751 
83      1.187       8035       1786        313        302      0.145      0.491      0.799      0.655      0.751 
84     1.1886       8034       1787        314        301      0.144      0.489      0.799      0.654      0.751 
85     1.1799       8035       1786        313        302      0.145      0.491      0.799      0.655      0.752 
86     1.1896       8035       1786        313        302      0.145      0.491      0.799      0.655      0.752 
87     1.1902       8036       1785        312        303      0.145      0.493      0.799      0.655      0.752 
88     1.1942       8034       1787        314        301      0.144      0.489      0.799      0.654      0.753 
89     1.1856       8035       1786        313        302      0.145      0.491      0.799      0.655      0.753 
90     1.1794       8036       1785        312        303      0.145      0.493      0.799      0.655      0.753 
91     1.1869       8036       1785        312        303      0.145      0.493      0.799      0.655      0.753 
92     1.1905       8038       1783        310        305      0.146      0.496      0.799      0.657      0.754 
93     1.1827       8041       1780        307        308      0.148      0.501      0.800      0.660      0.754 
94     1.1768       8040       1781        308        307      0.147      0.499      0.800      0.659      0.754 
95     1.1866       8041       1780        307        308      0.148      0.501      0.800      0.660      0.755 
96     1.1801       8041       1780        307        308      0.148      0.501      0.800      0.660      0.755 
97     1.1808       8041       1780        307        308      0.148      0.501      0.800      0.660      0.755 
98     1.1878       8041       1780        307        308      0.148      0.501      0.800      0.660      0.755 
99     1.1787       8041       1780        307        308      0.148      0.501      0.800      0.660      0.755 
100     1.1896       8042       1779        306        309      0.148      0.502      0.800      0.661      0.756 
101     1.1846       8043       1778        305        310      0.148      0.504      0.800      0.662      0.756 
102     1.1907       8043       1778        305        310      0.148      0.504      0.800      0.662      0.756 
103      1.166       8041       1780        307        308      0.148      0.501      0.800      0.660      0.756 
104     1.1781       8042       1779        306        309      0.148      0.502      0.800      0.661      0.756 
105     1.1844       8043       1778        305        310      0.148      0.504      0.800      0.662      0.756 
106     1.1784       8042       1779        306        309      0.148      0.502      0.800      0.661      0.757 
107      1.184       8042       1779        306        309      0.148      0.502      0.800      0.661      0.757 
108     1.1815       8040       1781        308        307      0.147      0.499      0.800      0.659      0.757 
109     1.1738       8040       1781        308        307      0.147      0.499      0.800      0.659      0.757 
110     1.1693       8041       1780        307        308      0.148      0.501      0.800      0.660      0.757 
111     1.1879       8040       1781        308        307      0.147      0.499      0.800      0.659      0.757 
112     1.1802       8041       1780        307        308      0.148      0.501      0.800      0.660      0.758 
113     1.1763       8042       1779        306        309      0.148      0.502      0.800      0.661      0.758 
114     1.1806       8040       1781        308        307      0.147      0.499      0.800      0.659      0.758 
115     1.1653       8040       1781        308        307      0.147      0.499      0.800      0.659      0.758 
116     1.1695       8042       1779        306        309      0.148      0.502      0.800      0.661      0.759 
117      1.168       8047       1774        301        314      0.150      0.511      0.801      0.665      0.759 
118      1.167       8046       1775        302        313      0.150      0.509      0.801      0.664      0.759 
119     1.1681       8048       1773        300        315      0.151      0.512      0.801      0.666      0.759 
120     1.1863       8048       1773        300        315      0.151      0.512      0.801      0.666      0.759 
121     1.1633       8050       1771        298        317      0.152      0.515      0.802      0.668      0.759 
122     1.1756       8050       1771        298        317      0.152      0.515      0.802      0.668      0.760 
123     1.1774       8049       1772        299        316      0.151      0.514      0.802      0.667      0.760 
124     1.1683       8049       1772        299        316      0.151      0.514      0.802      0.667      0.760 
125      1.177       8049       1772        299        316      0.151      0.514      0.802      0.667      0.760 
126     1.1924       8050       1771        298        317      0.152      0.515      0.802      0.668      0.760 
127     1.1626       8051       1770        297        318      0.152      0.517      0.802      0.668      0.760 
128     1.1531       8052       1769        296        319      0.153      0.519      0.802      0.669      0.761 
129     1.1741       8053       1768        295        320      0.153      0.520      0.802      0.670      0.761 
130     1.1558       8052       1769        296        319      0.153      0.519      0.802      0.669      0.761 
131     1.1635       8053       1768        295        320      0.153      0.520      0.802      0.670      0.761 
132     1.1656       8053       1768        295        320      0.153      0.520      0.802      0.670      0.761 
133     1.1643       8053       1768        295        320      0.153      0.520      0.802      0.670      0.761 
134     1.1756       8052       1769        296        319      0.153      0.519      0.802      0.669      0.761 
135     1.1813       8052       1769        296        319      0.153      0.519      0.802      0.669      0.761 
136     1.1633       8054       1767        294        321      0.154      0.522      0.803      0.671      0.762 
137     1.1663       8055       1766        293        322      0.154      0.524      0.803      0.672      0.762 
138     1.1822       8056       1765        292        323      0.155      0.525      0.803      0.673      0.762 
139     1.1748       8055       1766        293        322      0.154      0.524      0.803      0.672      0.762 
140     1.1579       8056       1765        292        323      0.155      0.525      0.803      0.673      0.762 
141     1.1667       8057       1764        291        324      0.155      0.527      0.803      0.674      0.762 
142     1.1614       8057       1764        291        324      0.155      0.527      0.803      0.674      0.762 
143     1.1613       8058       1763        290        325      0.156      0.528      0.803      0.674      0.762 
144     1.1626       8058       1763        290        325      0.156      0.528      0.803      0.674      0.762 
145     1.1593       8056       1765        292        323      0.155      0.525      0.803      0.673      0.763 
146     1.1666       8058       1763        290        325      0.156      0.528      0.803      0.674      0.763 
147     1.1542       8058       1763        290        325      0.156      0.528      0.803      0.674      0.763 
148     1.1569       8057       1764        291        324      0.155      0.527      0.803      0.674      0.763 
149     1.1715       8056       1765        292        323      0.155      0.525      0.803      0.673      0.763 
150     1.1575       8057       1764        291        324      0.155      0.527      0.803      0.674      0.763 
151     1.1671       8057       1764        291        324      0.155      0.527      0.803      0.674      0.764 
152     1.1605       8058       1763        290        325      0.156      0.528      0.803      0.674      0.764 
153     1.1574       8058       1763        290        325      0.156      0.528      0.803      0.674      0.764 
154     1.1669       8057       1764        291        324      0.155      0.527      0.803      0.674      0.764 
155     1.1568       8058       1763        290        325      0.156      0.528      0.803      0.674      0.764 
156     1.1567       8058       1763        290        325      0.156      0.528      0.803      0.674      0.765 
157     1.1557       8060       1761        288        327      0.157      0.532      0.804      0.676      0.765 
158     1.1658       8059       1762        289        326      0.156      0.530      0.803      0.675      0.765 
159     1.1724       8058       1763        290        325      0.156      0.528      0.803      0.674      0.765 
160     1.1786       8059       1762        289        326      0.156      0.530      0.803      0.675      0.765 
161     1.1618       8061       1760        287        328      0.157      0.533      0.804      0.677      0.765 
162     1.1591       8062       1759        286        329      0.158      0.535      0.804      0.678      0.765 
163     1.1581       8061       1760        287        328      0.157      0.533      0.804      0.677      0.765 
164     1.1637       8062       1759        286        329      0.158      0.535      0.804      0.678      0.765 
165     1.1641       8061       1760        287        328      0.157      0.533      0.804      0.677      0.765 
166     1.1747       8060       1761        288        327      0.157      0.532      0.804      0.676      0.766 
167     1.1577       8061       1760        287        328      0.157      0.533      0.804      0.677      0.766 
168     1.1539       8059       1762        289        326      0.156      0.530      0.803      0.675      0.766 
169     1.1522       8059       1762        289        326      0.156      0.530      0.803      0.675      0.766 
170     1.1729       8059       1762        289        326      0.156      0.530      0.803      0.675      0.766 
171     1.1596       8058       1763        290        325      0.156      0.528      0.803      0.674      0.766 
172     1.1579       8058       1763        290        325      0.156      0.528      0.803      0.674      0.766 
173     1.1546       8060       1761        288        327      0.157      0.532      0.804      0.676      0.767 
174     1.1581       8062       1759        286        329      0.158      0.535      0.804      0.678      0.767 
175     1.1488       8062       1759        286        329      0.158      0.535      0.804      0.678      0.767 
176     1.1574       8061       1760        287        328      0.157      0.533      0.804      0.677      0.767 
177     1.1498       8061       1760        287        328      0.157      0.533      0.804      0.677      0.767 
178     1.1602       8060       1761        288        327      0.157      0.532      0.804      0.676      0.767 
179     1.1534       8060       1761        288        327      0.157      0.532      0.804      0.676      0.767 
180     1.1554       8061       1760        287        328      0.157      0.533      0.804      0.677      0.767 
181     1.1489       8061       1760        287        328      0.157      0.533      0.804      0.677      0.767 
182     1.1612       8061       1760        287        328      0.157      0.533      0.804      0.677      0.767 
183     1.1715       8061       1760        287        328      0.157      0.533      0.804      0.677      0.767 
184     1.1532       8061       1760        287        328      0.157      0.533      0.804      0.677      0.767 
185      1.157       8059       1762        289        326      0.156      0.530      0.803      0.675      0.767 
186     1.1559       8059       1762        289        326      0.156      0.530      0.803      0.675      0.767 
187     1.1701       8060       1761        288        327      0.157      0.532      0.804      0.676      0.767 
188     1.1614       8062       1759        286        329      0.158      0.535      0.804      0.678      0.767 
189     1.1679       8061       1760        287        328      0.157      0.533      0.804      0.677      0.767 
190      1.163       8062       1759        286        329      0.158      0.535      0.804      0.678      0.768 
191     1.1603       8062       1759        286        329      0.158      0.535      0.804      0.678      0.768 
192     1.1438       8059       1762        289        326      0.156      0.530      0.803      0.675      0.768 
193     1.1475       8059       1762        289        326      0.156      0.530      0.803      0.675      0.768 
194     1.1507       8060       1761        288        327      0.157      0.532      0.804      0.676      0.768 
195     1.1531       8061       1760        287        328      0.157      0.533      0.804      0.677      0.769 
196     1.1468       8061       1760        287        328      0.157      0.533      0.804      0.677      0.769 
197     1.1522       8063       1758        285        330      0.158      0.537      0.804      0.679      0.769 
198     1.1543       8062       1759        286        329      0.158      0.535      0.804      0.678      0.769 
199      1.151       8063       1758        285        330      0.158      0.537      0.804      0.679      0.769 
200     1.1688       8064       1757        284        331      0.159      0.538      0.804      0.680      0.769 
201     1.1627       8065       1756        283        332      0.159      0.540      0.805      0.681      0.769 
202     1.1515       8062       1759        286        329      0.158      0.535      0.804      0.678      0.769 
203     1.1474       8064       1757        284        331      0.159      0.538      0.804      0.680      0.769 
204     1.1555       8064       1757        284        331      0.159      0.538      0.804      0.680      0.769 
205     1.1572       8063       1758        285        330      0.158      0.537      0.804      0.679      0.770 
206     1.1576       8065       1756        283        332      0.159      0.540      0.805      0.681      0.770 
207     1.1544       8066       1755        282        333      0.159      0.541      0.805      0.681      0.770 
208     1.1693       8066       1755        282        333      0.159      0.541      0.805      0.681      0.770 
209      1.159       8067       1754        281        334      0.160      0.543      0.805      0.682      0.770 
210     1.1482       8063       1758        285        330      0.158      0.537      0.804      0.679      0.770 
211     1.1519       8062       1759        286        329      0.158      0.535      0.804      0.678      0.770 
212     1.1708       8063       1758        285        330      0.158      0.537      0.804      0.679      0.770 
213     1.1428       8062       1759        286        329      0.158      0.535      0.804      0.678      0.770 
214     1.1457       8063       1758        285        330      0.158      0.537      0.804      0.679      0.770 
215     1.1699       8063       1758        285        330      0.158      0.537      0.804      0.679      0.770 
216     1.1657       8063       1758        285        330      0.158      0.537      0.804      0.679      0.770 
217     1.1337       8062       1759        286        329      0.158      0.535      0.804      0.678      0.770 
218     1.1593       8063       1758        285        330      0.158      0.537      0.804      0.679      0.770 
219     1.1554       8063       1758        285        330      0.158      0.537      0.804      0.679      0.770 
220     1.1612       8063       1758        285        330      0.158      0.537      0.804      0.679      0.770 
221     1.1473       8063       1758        285        330      0.158      0.537      0.804      0.679      0.770 
222     1.1422       8062       1759        286        329      0.158      0.535      0.804      0.678      0.770 
223     1.1459       8062       1759        286        329      0.158      0.535      0.804      0.678      0.770 
224      1.149       8063       1758        285        330      0.158      0.537      0.804      0.679      0.770 
225     1.1607       8068       1753        280        335      0.160      0.545      0.805      0.683      0.770 
226     1.1612       8069       1752        279        336      0.161      0.546      0.805      0.684      0.770 
227     1.1447       8067       1754        281        334      0.160      0.543      0.805      0.682      0.771 
228     1.1612       8064       1757        284        331      0.159      0.538      0.804      0.680      0.771 
229     1.1437       8065       1756        283        332      0.159      0.540      0.805      0.681      0.771 
230     1.1606       8064       1757        284        331      0.159      0.538      0.804      0.680      0.771 
231     1.1453       8065       1756        283        332      0.159      0.540      0.805      0.681      0.771 
232     1.1569       8065       1756        283        332      0.159      0.540      0.805      0.681      0.771 
233     1.1496       8064       1757        284        331      0.159      0.538      0.804      0.680      0.771 
234     1.1532       8063       1758        285        330      0.158      0.537      0.804      0.679      0.771 
235     1.1476       8062       1759        286        329      0.158      0.535      0.804      0.678      0.771 
236      1.154       8063       1758        285        330      0.158      0.537      0.804      0.679      0.771 
237     1.1598       8063       1758        285        330      0.158      0.537      0.804      0.679      0.771 
238     1.1427       8063       1758        285        330      0.158      0.537      0.804      0.679      0.771 
239     1.1403       8065       1756        283        332      0.159      0.540      0.805      0.681      0.771 
240     1.1516       8064       1757        284        331      0.159      0.538      0.804      0.680      0.771 
241     1.1616       8063       1758        285        330      0.158      0.537      0.804      0.679      0.771 
242     1.1568       8063       1758        285        330      0.158      0.537      0.804      0.679      0.771 
243     1.1512       8064       1757        284        331      0.159      0.538      0.804      0.680      0.772 
244     1.1466       8063       1758        285        330      0.158      0.537      0.804      0.679      0.772 
245     1.1374       8063       1758        285        330      0.158      0.537      0.804      0.679      0.772 
246     1.1461       8064       1757        284        331      0.159      0.538      0.804      0.680      0.772 
247     1.1464       8065       1756        283        332      0.159      0.540      0.805      0.681      0.772 
248     1.1488       8066       1755        282        333      0.159      0.541      0.805      0.681      0.772 
249     1.1548       8064       1757        284        331      0.159      0.538      0.804      0.680      0.772 
250     1.1485       8063       1758        285        330      0.158      0.537      0.804      0.679      0.772 
251     1.1652       8063       1758        285        330      0.158      0.537      0.804      0.679      0.772 
252     1.1448       8062       1759        286        329      0.158      0.535      0.804      0.678      0.772 
253     1.1591       8062       1759        286        329      0.158      0.535      0.804      0.678      0.772 
254     1.1498       8061       1760        287        328      0.157      0.533      0.804      0.677      0.772 
255     1.1429       8063       1758        285        330      0.158      0.537      0.804      0.679      0.772 
256     1.1529       8063       1758        285        330      0.158      0.537      0.804      0.679      0.772 
257     1.1343       8062       1759        286        329      0.158      0.535      0.804      0.678      0.772 
258     1.1527       8063       1758        285        330      0.158      0.537      0.804      0.679      0.772 
259     1.1429       8065       1756        283        332      0.159      0.540      0.805      0.681      0.773 
260     1.1532       8063       1758        285        330      0.158      0.537      0.804      0.679      0.773 
261     1.1542       8061       1760        287        328      0.157      0.533      0.804      0.677      0.773 
262     1.1518       8060       1761        288        327      0.157      0.532      0.804      0.676      0.773 
263     1.1494       8063       1758        285        330      0.158      0.537      0.804      0.679      0.773 
264     1.1473       8062       1759        286        329      0.158      0.535      0.804      0.678      0.773 
265     1.1439       8062       1759        286        329      0.158      0.535      0.804      0.678      0.773 
266     1.1594       8064       1757        284        331      0.159      0.538      0.804      0.680      0.773 
267     1.1456       8061       1760        287        328      0.157      0.533      0.804      0.677      0.773 
268     1.1566       8061       1760        287        328      0.157      0.533      0.804      0.677      0.774 
269     1.1495       8060       1761        288        327      0.157      0.532      0.804      0.676      0.774 
270      1.146       8062       1759        286        329      0.158      0.535      0.804      0.678      0.774 
271     1.1439       8062       1759        286        329      0.158      0.535      0.804      0.678      0.774 
272     1.1592       8063       1758        285        330      0.158      0.537      0.804      0.679      0.774 
273     1.1404       8065       1756        283        332      0.159      0.540      0.805      0.681      0.774 
274     1.1505       8065       1756        283        332      0.159      0.540      0.805      0.681      0.774 
275     1.1554       8064       1757        284        331      0.159      0.538      0.804      0.680      0.774 
276      1.152       8066       1755        282        333      0.159      0.541      0.805      0.681      0.774 
277     1.1452       8066       1755        282        333      0.159      0.541      0.805      0.681      0.774 
278     1.1377       8066       1755        282        333      0.159      0.541      0.805      0.681      0.774 
279     1.1573       8066       1755        282        333      0.159      0.541      0.805      0.681      0.774 
280     1.1523       8064       1757        284        331      0.159      0.538      0.804      0.680      0.774 
281     1.1303       8065       1756        283        332      0.159      0.540      0.805      0.681      0.774 
282     1.1509       8064       1757        284        331      0.159      0.538      0.804      0.680      0.774 
283     1.1436       8064       1757        284        331      0.159      0.538      0.804      0.680      0.774 
284     1.1489       8064       1757        284        331      0.159      0.538      0.804      0.680      0.775 
285     1.1387       8067       1754        281        334      0.160      0.543      0.805      0.682      0.775 
286     1.1582       8068       1753        280        335      0.160      0.545      0.805      0.683      0.775 
287     1.1504       8068       1753        280        335      0.160      0.545      0.805      0.683      0.775 
288     1.1343       8069       1752        279        336      0.161      0.546      0.805      0.684      0.775 
289     1.1475       8069       1752        279        336      0.161      0.546      0.805      0.684      0.775 
290     1.1614       8068       1753        280        335      0.160      0.545      0.805      0.683      0.775 
291     1.1584       8068       1753        280        335      0.160      0.545      0.805      0.683      0.775 
292     1.1384       8066       1755        282        333      0.159      0.541      0.805      0.681      0.775 
293     1.1486       8065       1756        283        332      0.159      0.540      0.805      0.681      0.775 
294     1.1343       8065       1756        283        332      0.159      0.540      0.805      0.681      0.775 
295     1.1457       8063       1758        285        330      0.158      0.537      0.804      0.679      0.775 
296     1.1462       8065       1756        283        332      0.159      0.540      0.805      0.681      0.775 
297     1.1457       8064       1757        284        331      0.159      0.538      0.804      0.680      0.775 
298      1.135       8063       1758        285        330      0.158      0.537      0.804      0.679      0.775 
299     1.1394       8062       1759        286        329      0.158      0.535      0.804      0.678      0.775 
300     1.1516       8063       1758        285        330      0.158      0.537      0.804      0.679      0.775 
