# Number of nodes=10436; Number of edges=824342; Number of node features=5; Model: gcn.
epoch       loss         tn         fp         fn         tp       prec        rec        acc       bacc        auc 
1     2.3649       8180       2079        168          9      0.004      0.051      0.785      0.424      0.289 
2     1.8642       8186       2073        162         15      0.007      0.085      0.786      0.441      0.368 
3     1.5369       8204       2055        144         33      0.016      0.186      0.789      0.493      0.550 
4     1.3955       8245       2014        103         74      0.035      0.418      0.797      0.611      0.682 
5     1.3624       8265       1994         83         94      0.045      0.531      0.801      0.668      0.731 
6     1.3875       8268       1991         72        105      0.050      0.593      0.802      0.700      0.753 
7     1.4567       8280       1979         68        109      0.052      0.616      0.804      0.711      0.764 
8     1.4862       8280       1979         68        109      0.052      0.616      0.804      0.711      0.770 
9     1.5094       8281       1978         67        110      0.053      0.621      0.804      0.714      0.772 
10     1.5101       8281       1978         67        110      0.053      0.621      0.804      0.714      0.773 
11     1.4889       8279       1980         69        108      0.052      0.610      0.804      0.709      0.771 
12     1.4653       8280       1979         68        109      0.052      0.616      0.804      0.711      0.767 
13     1.4262       8277       1982         70        107      0.051      0.605      0.803      0.706      0.761 
14     1.3797       8269       1990         79         98      0.047      0.554      0.802      0.680      0.752 
15     1.3558       8263       1996         85         92      0.044      0.520      0.801      0.663      0.739 
16     1.3179       8257       2002         91         86      0.041      0.486      0.799      0.645      0.722 
17     1.2957       8248       2011        100         77      0.037      0.435      0.798      0.620      0.698 
18     1.2985       8242       2017        106         71      0.034      0.401      0.797      0.602      0.671 
19      1.307       8229       2030        119         58      0.028      0.328      0.794      0.565      0.643 
20     1.3362       8227       2032        121         56      0.027      0.316      0.794      0.559      0.624 
21     1.3326       8222       2037        126         51      0.024      0.288      0.793      0.545      0.619 
22     1.3253       8225       2034        123         54      0.026      0.305      0.793      0.553      0.629 
23      1.333       8232       2027        116         61      0.029      0.345      0.795      0.574      0.651 
24     1.3051       8241       2018        107         70      0.034      0.395      0.796      0.599      0.679 
25     1.3038       8248       2011        100         77      0.037      0.435      0.798      0.620      0.708 
26     1.2875       8264       1995         84         93      0.045      0.525      0.801      0.665      0.731 
27      1.273       8268       1991         80         97      0.046      0.548      0.802      0.677      0.751 
28     1.2671       8274       1985         74        103      0.049      0.582      0.803      0.694      0.765 
29     1.2534       8286       1973         62        115      0.055      0.650      0.805      0.729      0.775 
30     1.2601       8288       1971         60        117      0.056      0.661      0.805      0.734      0.782 
31      1.252       8288       1971         60        117      0.056      0.661      0.805      0.734      0.787 
32     1.2497       8288       1971         60        117      0.056      0.661      0.805      0.734      0.790 
33     1.2509       8288       1971         60        117      0.056      0.661      0.805      0.734      0.793 
34      1.249       8289       1970         59        118      0.057      0.667      0.806      0.737      0.795 
35     1.2319       8289       1970         59        118      0.057      0.667      0.806      0.737      0.796 
36     1.2305       8290       1969         58        119      0.057      0.672      0.806      0.740      0.797 
37     1.2198       8291       1968         57        120      0.057      0.678      0.806      0.743      0.797 
38     1.2163       8292       1967         56        121      0.058      0.684      0.806      0.746      0.797 
39     1.2164       8291       1968         57        120      0.057      0.678      0.806      0.743      0.796 
40     1.1961       8292       1967         56        121      0.058      0.684      0.806      0.746      0.795 
41     1.2026       8294       1965         54        123      0.059      0.695      0.807      0.752      0.794 
42     1.2073       8295       1964         53        124      0.059      0.701      0.807      0.755      0.795 
43     1.2006       8294       1965         54        123      0.059      0.695      0.807      0.752      0.797 
44       1.19       8293       1966         55        122      0.058      0.689      0.806      0.749      0.799 
45     1.1947       8295       1964         53        124      0.059      0.701      0.807      0.755      0.803 
46      1.191       8295       1964         53        124      0.059      0.701      0.807      0.755      0.807 
47     1.1713       8295       1964         53        124      0.059      0.701      0.807      0.755      0.812 
48     1.1621       8295       1964         53        124      0.059      0.701      0.807      0.755      0.815 
49     1.1732       8295       1964         53        124      0.059      0.701      0.807      0.755      0.818 
50     1.1668       8295       1964         53        124      0.059      0.701      0.807      0.755      0.820 
51     1.1618       8296       1963         52        125      0.060      0.706      0.807      0.757      0.822 
52     1.1529       8297       1962         51        126      0.060      0.712      0.807      0.760      0.824 
53     1.1495       8299       1960         49        128      0.061      0.723      0.807      0.766      0.825 
54      1.151       8299       1960         49        128      0.061      0.723      0.807      0.766      0.826 
55     1.1446       8299       1960         49        128      0.061      0.723      0.807      0.766      0.827 
56     1.1434       8300       1959         48        129      0.062      0.729      0.808      0.769      0.827 
57     1.1356       8300       1959         48        129      0.062      0.729      0.808      0.769      0.828 
58     1.1421       8300       1959         48        129      0.062      0.729      0.808      0.769      0.828 
59      1.137       8299       1960         49        128      0.061      0.723      0.807      0.766      0.828 
60     1.1272       8299       1960         49        128      0.061      0.723      0.807      0.766      0.829 
61     1.1343       8299       1960         49        128      0.061      0.723      0.807      0.766      0.830 
62     1.1262       8299       1960         49        128      0.061      0.723      0.807      0.766      0.831 
63       1.12       8300       1959         48        129      0.062      0.729      0.808      0.769      0.832 
64     1.1132       8300       1959         48        129      0.062      0.729      0.808      0.769      0.834 
65     1.1139       8300       1959         48        129      0.062      0.729      0.808      0.769      0.835 
66     1.1133       8300       1959         48        129      0.062      0.729      0.808      0.769      0.836 
67      1.111       8301       1958         47        130      0.062      0.734      0.808      0.772      0.837 
68     1.1028       8301       1958         47        130      0.062      0.734      0.808      0.772      0.838 
69     1.1011       8301       1958         47        130      0.062      0.734      0.808      0.772      0.838 
70     1.0991       8303       1956         45        132      0.063      0.746      0.808      0.778      0.838 
71     1.0912       8302       1957         46        131      0.063      0.740      0.808      0.775      0.838 
72     1.1011       8304       1955         44        133      0.064      0.751      0.808      0.780      0.839 
73      1.088       8305       1954         43        134      0.064      0.757      0.809      0.783      0.839 
74      1.088       8305       1954         43        134      0.064      0.757      0.809      0.783      0.839 
75     1.0901       8306       1953         42        135      0.065      0.763      0.809      0.786      0.839 
76     1.0917       8305       1954         43        134      0.064      0.757      0.809      0.783      0.840 
77      1.086       8305       1954         43        134      0.064      0.757      0.809      0.783      0.840 
78     1.0755       8305       1954         43        134      0.064      0.757      0.809      0.783      0.841 
79     1.0855       8304       1955         44        133      0.064      0.751      0.808      0.780      0.842 
80      1.073       8304       1955         44        133      0.064      0.751      0.808      0.780      0.842 
81     1.0733       8304       1955         44        133      0.064      0.751      0.808      0.780      0.843 
82     1.0795       8304       1955         44        133      0.064      0.751      0.808      0.780      0.843 
83     1.0699       8304       1955         44        133      0.064      0.751      0.808      0.780      0.843 
84     1.0734       8304       1955         44        133      0.064      0.751      0.808      0.780      0.843 
85     1.0642       8305       1954         43        134      0.064      0.757      0.809      0.783      0.843 
86     1.0548       8305       1954         43        134      0.064      0.757      0.809      0.783      0.843 
87     1.0662       8305       1954         43        134      0.064      0.757      0.809      0.783      0.843 
88      1.063       8305       1954         43        134      0.064      0.757      0.809      0.783      0.843 
89     1.0525       8305       1954         43        134      0.064      0.757      0.809      0.783      0.844 
90     1.0532       8305       1954         43        134      0.064      0.757      0.809      0.783      0.844 
91     1.0513       8305       1954         43        134      0.064      0.757      0.809      0.783      0.845 
92     1.0452       8305       1954         43        134      0.064      0.757      0.809      0.783      0.845 
93     1.0544       8304       1955         44        133      0.064      0.751      0.808      0.780      0.846 
94     1.0483       8304       1955         44        133      0.064      0.751      0.808      0.780      0.846 
95     1.0459       8304       1955         44        133      0.064      0.751      0.808      0.780      0.846 
96     1.0444       8304       1955         44        133      0.064      0.751      0.808      0.780      0.846 
97     1.0483       8305       1954         43        134      0.064      0.757      0.809      0.783      0.846 
98     1.0467       8305       1954         43        134      0.064      0.757      0.809      0.783      0.846 
99     1.0354       8305       1954         43        134      0.064      0.757      0.809      0.783      0.846 
100     1.0373       8305       1954         43        134      0.064      0.757      0.809      0.783      0.846 
101     1.0419       8305       1954         43        134      0.064      0.757      0.809      0.783      0.846 
102     1.0344       8305       1954         43        134      0.064      0.757      0.809      0.783      0.846 
103     1.0393       8305       1954         43        134      0.064      0.757      0.809      0.783      0.847 
104     1.0428       8305       1954         43        134      0.064      0.757      0.809      0.783      0.847 
105     1.0355       8305       1954         43        134      0.064      0.757      0.809      0.783      0.847 
106     1.0253       8305       1954         43        134      0.064      0.757      0.809      0.783      0.847 
107     1.0406       8305       1954         43        134      0.064      0.757      0.809      0.783      0.847 
108     1.0249       8305       1954         43        134      0.064      0.757      0.809      0.783      0.847 
109     1.0251       8305       1954         43        134      0.064      0.757      0.809      0.783      0.847 
110     1.0302       8305       1954         43        134      0.064      0.757      0.809      0.783      0.847 
111     1.0118       8305       1954         43        134      0.064      0.757      0.809      0.783      0.847 
112      1.022       8305       1954         43        134      0.064      0.757      0.809      0.783      0.847 
113     1.0168       8305       1954         43        134      0.064      0.757      0.809      0.783      0.847 
114     1.0083       8305       1954         43        134      0.064      0.757      0.809      0.783      0.847 
115     1.0227       8305       1954         43        134      0.064      0.757      0.809      0.783      0.847 
116     1.0249       8305       1954         43        134      0.064      0.757      0.809      0.783      0.848 
117     1.0105       8305       1954         43        134      0.064      0.757      0.809      0.783      0.847 
118     1.0155       8305       1954         43        134      0.064      0.757      0.809      0.783      0.847 
119     1.0178       8305       1954         43        134      0.064      0.757      0.809      0.783      0.847 
120      1.019       8305       1954         43        134      0.064      0.757      0.809      0.783      0.847 
121     1.0084       8306       1953         42        135      0.065      0.763      0.809      0.786      0.847 
122     1.0148       8306       1953         42        135      0.065      0.763      0.809      0.786      0.847 
123     1.0056       8306       1953         42        135      0.065      0.763      0.809      0.786      0.847 
124     1.0103       8306       1953         42        135      0.065      0.763      0.809      0.786      0.847 
125     1.0079       8306       1953         42        135      0.065      0.763      0.809      0.786      0.847 
126     1.0067       8306       1953         42        135      0.065      0.763      0.809      0.786      0.848 
127     1.0029       8306       1953         42        135      0.065      0.763      0.809      0.786      0.848 
128     1.0097       8306       1953         42        135      0.065      0.763      0.809      0.786      0.848 
129    0.99872       8306       1953         42        135      0.065      0.763      0.809      0.786      0.848 
130    0.99519       8306       1953         42        135      0.065      0.763      0.809      0.786      0.848 
131     1.0032       8305       1954         43        134      0.064      0.757      0.809      0.783      0.848 
132     1.0021       8305       1954         43        134      0.064      0.757      0.809      0.783      0.847 
133    0.99799       8305       1954         43        134      0.064      0.757      0.809      0.783      0.847 
134     1.0035       8305       1954         43        134      0.064      0.757      0.809      0.783      0.848 
135     0.9986       8305       1954         43        134      0.064      0.757      0.809      0.783      0.848 
136     1.0005       8304       1955         44        133      0.064      0.751      0.808      0.780      0.848 
137     1.0109       8304       1955         44        133      0.064      0.751      0.808      0.780      0.848 
138    0.99604       8304       1955         44        133      0.064      0.751      0.808      0.780      0.848 
139    0.99831       8304       1955         44        133      0.064      0.751      0.808      0.780      0.848 
140     1.0023       8304       1955         44        133      0.064      0.751      0.808      0.780      0.848 
141    0.98644       8305       1954         43        134      0.064      0.757      0.809      0.783      0.847 
142    0.98163       8305       1954         43        134      0.064      0.757      0.809      0.783      0.847 
143    0.99041       8305       1954         43        134      0.064      0.757      0.809      0.783      0.847 
144    0.99963       8304       1955         44        133      0.064      0.751      0.808      0.780      0.848 
145     0.9894       8303       1956         45        132      0.063      0.746      0.808      0.778      0.848 
146    0.99497       8303       1956         45        132      0.063      0.746      0.808      0.778      0.848 
147    0.98295       8303       1956         45        132      0.063      0.746      0.808      0.778      0.849 
148     0.9952       8303       1956         45        132      0.063      0.746      0.808      0.778      0.849 
149    0.99456       8303       1956         45        132      0.063      0.746      0.808      0.778      0.848 
150     1.0062       8303       1956         45        132      0.063      0.746      0.808      0.778      0.848 
151    0.98495       8304       1955         44        133      0.064      0.751      0.808      0.780      0.848 
152    0.99619       8303       1956         45        132      0.063      0.746      0.808      0.778      0.848 
153    0.97875       8303       1956         45        132      0.063      0.746      0.808      0.778      0.848 
154    0.99182       8303       1956         45        132      0.063      0.746      0.808      0.778      0.848 
155    0.97559       8303       1956         45        132      0.063      0.746      0.808      0.778      0.848 
156    0.99013       8303       1956         45        132      0.063      0.746      0.808      0.778      0.848 
157    0.98868       8303       1956         45        132      0.063      0.746      0.808      0.778      0.848 
158    0.98598       8303       1956         45        132      0.063      0.746      0.808      0.778      0.848 
159    0.98949       8303       1956         45        132      0.063      0.746      0.808      0.778      0.848 
160    0.98237       8302       1957         46        131      0.063      0.740      0.808      0.775      0.848 
161    0.99377       8302       1957         46        131      0.063      0.740      0.808      0.775      0.848 
162    0.97392       8302       1957         46        131      0.063      0.740      0.808      0.775      0.848 
163    0.97631       8303       1956         45        132      0.063      0.746      0.808      0.778      0.848 
164    0.97858       8302       1957         46        131      0.063      0.740      0.808      0.775      0.848 
165    0.97766       8302       1957         46        131      0.063      0.740      0.808      0.775      0.848 
166    0.98271       8302       1957         46        131      0.063      0.740      0.808      0.775      0.848 
167    0.97193       8302       1957         46        131      0.063      0.740      0.808      0.775      0.848 
168      0.976       8302       1957         46        131      0.063      0.740      0.808      0.775      0.848 
169    0.98286       8302       1957         46        131      0.063      0.740      0.808      0.775      0.849 
170    0.98368       8302       1957         46        131      0.063      0.740      0.808      0.775      0.848 
171    0.97831       8302       1957         46        131      0.063      0.740      0.808      0.775      0.848 
172    0.97875       8302       1957         46        131      0.063      0.740      0.808      0.775      0.848 
173    0.97627       8302       1957         46        131      0.063      0.740      0.808      0.775      0.848 
174    0.97496       8302       1957         46        131      0.063      0.740      0.808      0.775      0.848 
175    0.99077       8302       1957         46        131      0.063      0.740      0.808      0.775      0.848 
176    0.98522       8302       1957         46        131      0.063      0.740      0.808      0.775      0.848 
177    0.97619       8302       1957         46        131      0.063      0.740      0.808      0.775      0.848 
178    0.98654       8302       1957         46        131      0.063      0.740      0.808      0.775      0.849 
179    0.98305       8302       1957         46        131      0.063      0.740      0.808      0.775      0.849 
180    0.97434       8302       1957         46        131      0.063      0.740      0.808      0.775      0.849 
181    0.97131       8302       1957         46        131      0.063      0.740      0.808      0.775      0.849 
182    0.97219       8302       1957         46        131      0.063      0.740      0.808      0.775      0.848 
183    0.98022       8302       1957         46        131      0.063      0.740      0.808      0.775      0.848 
184    0.97849       8302       1957         46        131      0.063      0.740      0.808      0.775      0.848 
185    0.96965       8302       1957         46        131      0.063      0.740      0.808      0.775      0.848 
186    0.96878       8302       1957         46        131      0.063      0.740      0.808      0.775      0.848 
187    0.96172       8302       1957         46        131      0.063      0.740      0.808      0.775      0.848 
188    0.97786       8302       1957         46        131      0.063      0.740      0.808      0.775      0.849 
189    0.97304       8302       1957         46        131      0.063      0.740      0.808      0.775      0.848 
190    0.97101       8302       1957         46        131      0.063      0.740      0.808      0.775      0.849 
191    0.97107       8302       1957         46        131      0.063      0.740      0.808      0.775      0.849 
192    0.97896       8302       1957         46        131      0.063      0.740      0.808      0.775      0.849 
193    0.96458       8302       1957         46        131      0.063      0.740      0.808      0.775      0.849 
194     0.9783       8302       1957         46        131      0.063      0.740      0.808      0.775      0.849 
195    0.97565       8302       1957         46        131      0.063      0.740      0.808      0.775      0.849 
196    0.98413       8302       1957         46        131      0.063      0.740      0.808      0.775      0.849 
197    0.97094       8302       1957         46        131      0.063      0.740      0.808      0.775      0.849 
198    0.97986       8302       1957         46        131      0.063      0.740      0.808      0.775      0.849 
199     0.9879       8302       1957         46        131      0.063      0.740      0.808      0.775      0.849 
200    0.97252       8302       1957         46        131      0.063      0.740      0.808      0.775      0.849 
201     0.9592       8302       1957         46        131      0.063      0.740      0.808      0.775      0.849 
202    0.96908       8302       1957         46        131      0.063      0.740      0.808      0.775      0.849 
203    0.97023       8302       1957         46        131      0.063      0.740      0.808      0.775      0.849 
204    0.96563       8302       1957         46        131      0.063      0.740      0.808      0.775      0.849 
205    0.96913       8302       1957         46        131      0.063      0.740      0.808      0.775      0.849 
206    0.97279       8302       1957         46        131      0.063      0.740      0.808      0.775      0.849 
207    0.96867       8302       1957         46        131      0.063      0.740      0.808      0.775      0.849 
208    0.96362       8302       1957         46        131      0.063      0.740      0.808      0.775      0.849 
209    0.96836       8302       1957         46        131      0.063      0.740      0.808      0.775      0.849 
210    0.96552       8302       1957         46        131      0.063      0.740      0.808      0.775      0.849 
211    0.97008       8302       1957         46        131      0.063      0.740      0.808      0.775      0.849 
212    0.97335       8302       1957         46        131      0.063      0.740      0.808      0.775      0.849 
213    0.96416       8302       1957         46        131      0.063      0.740      0.808      0.775      0.849 
214    0.95815       8302       1957         46        131      0.063      0.740      0.808      0.775      0.849 
215     0.9652       8302       1957         46        131      0.063      0.740      0.808      0.775      0.849 
216    0.96124       8302       1957         46        131      0.063      0.740      0.808      0.775      0.849 
217    0.96765       8302       1957         46        131      0.063      0.740      0.808      0.775      0.849 
218    0.98539       8302       1957         46        131      0.063      0.740      0.808      0.775      0.849 
219    0.96097       8302       1957         46        131      0.063      0.740      0.808      0.775      0.849 
220    0.95804       8302       1957         46        131      0.063      0.740      0.808      0.775      0.849 
221    0.96852       8302       1957         46        131      0.063      0.740      0.808      0.775      0.849 
222    0.95827       8302       1957         46        131      0.063      0.740      0.808      0.775      0.849 
223    0.97992       8302       1957         46        131      0.063      0.740      0.808      0.775      0.849 
224    0.96775       8302       1957         46        131      0.063      0.740      0.808      0.775      0.849 
225    0.97289       8303       1956         45        132      0.063      0.746      0.808      0.778      0.850 
226      0.965       8303       1956         45        132      0.063      0.746      0.808      0.778      0.850 
227    0.96974       8303       1956         45        132      0.063      0.746      0.808      0.778      0.850 
228    0.96402       8303       1956         45        132      0.063      0.746      0.808      0.778      0.849 
229    0.97091       8302       1957         46        131      0.063      0.740      0.808      0.775      0.849 
230    0.97041       8302       1957         46        131      0.063      0.740      0.808      0.775      0.849 
231      0.964       8302       1957         46        131      0.063      0.740      0.808      0.775      0.849 
232    0.95858       8302       1957         46        131      0.063      0.740      0.808      0.775      0.849 
233    0.95876       8303       1956         45        132      0.063      0.746      0.808      0.778      0.849 
234    0.95868       8302       1957         46        131      0.063      0.740      0.808      0.775      0.850 
235    0.95988       8303       1956         45        132      0.063      0.746      0.808      0.778      0.850 
236     0.9535       8303       1956         45        132      0.063      0.746      0.808      0.778      0.850 
237    0.95906       8302       1957         46        131      0.063      0.740      0.808      0.775      0.850 
238    0.95868       8302       1957         46        131      0.063      0.740      0.808      0.775      0.850 
239    0.96795       8303       1956         45        132      0.063      0.746      0.808      0.778      0.850 
240    0.94957       8303       1956         45        132      0.063      0.746      0.808      0.778      0.850 
241    0.95532       8303       1956         45        132      0.063      0.746      0.808      0.778      0.850 
242    0.95952       8302       1957         46        131      0.063      0.740      0.808      0.775      0.850 
243    0.94916       8302       1957         46        131      0.063      0.740      0.808      0.775      0.850 
244     0.9671       8302       1957         46        131      0.063      0.740      0.808      0.775      0.850 
245    0.95801       8302       1957         46        131      0.063      0.740      0.808      0.775      0.850 
246    0.96132       8302       1957         46        131      0.063      0.740      0.808      0.775      0.850 
247    0.95924       8302       1957         46        131      0.063      0.740      0.808      0.775      0.850 
248    0.95875       8302       1957         46        131      0.063      0.740      0.808      0.775      0.850 
249    0.95112       8302       1957         46        131      0.063      0.740      0.808      0.775      0.850 
250    0.96968       8302       1957         46        131      0.063      0.740      0.808      0.775      0.850 
251    0.94512       8301       1958         47        130      0.062      0.734      0.808      0.772      0.850 
252    0.95796       8301       1958         47        130      0.062      0.734      0.808      0.772      0.850 
253    0.94761       8301       1958         47        130      0.062      0.734      0.808      0.772      0.850 
254    0.95212       8302       1957         46        131      0.063      0.740      0.808      0.775      0.850 
255    0.95031       8302       1957         46        131      0.063      0.740      0.808      0.775      0.850 
256    0.95853       8302       1957         46        131      0.063      0.740      0.808      0.775      0.850 
257     0.9613       8302       1957         46        131      0.063      0.740      0.808      0.775      0.850 
258    0.94994       8302       1957         46        131      0.063      0.740      0.808      0.775      0.850 
259    0.95877       8302       1957         46        131      0.063      0.740      0.808      0.775      0.850 
260    0.96643       8302       1957         46        131      0.063      0.740      0.808      0.775      0.850 
261     0.9484       8302       1957         46        131      0.063      0.740      0.808      0.775      0.850 
262    0.95453       8302       1957         46        131      0.063      0.740      0.808      0.775      0.850 
263    0.96007       8302       1957         46        131      0.063      0.740      0.808      0.775      0.850 
264     0.9477       8302       1957         46        131      0.063      0.740      0.808      0.775      0.851 
265    0.95248       8302       1957         46        131      0.063      0.740      0.808      0.775      0.851 
266    0.94989       8302       1957         46        131      0.063      0.740      0.808      0.775      0.851 
267    0.96384       8302       1957         46        131      0.063      0.740      0.808      0.775      0.851 
268    0.95553       8302       1957         46        131      0.063      0.740      0.808      0.775      0.850 
269    0.96709       8302       1957         46        131      0.063      0.740      0.808      0.775      0.850 
270     0.9604       8302       1957         46        131      0.063      0.740      0.808      0.775      0.850 
271    0.95936       8302       1957         46        131      0.063      0.740      0.808      0.775      0.850 
272    0.94997       8302       1957         46        131      0.063      0.740      0.808      0.775      0.851 
273    0.95978       8302       1957         46        131      0.063      0.740      0.808      0.775      0.851 
274    0.94682       8302       1957         46        131      0.063      0.740      0.808      0.775      0.851 
275    0.95088       8302       1957         46        131      0.063      0.740      0.808      0.775      0.851 
276    0.95035       8302       1957         46        131      0.063      0.740      0.808      0.775      0.851 
277     0.9563       8302       1957         46        131      0.063      0.740      0.808      0.775      0.851 
278    0.95782       8302       1957         46        131      0.063      0.740      0.808      0.775      0.851 
279    0.96044       8302       1957         46        131      0.063      0.740      0.808      0.775      0.851 
280    0.93789       8302       1957         46        131      0.063      0.740      0.808      0.775      0.851 
281    0.95011       8302       1957         46        131      0.063      0.740      0.808      0.775      0.851 
282     0.9513       8302       1957         46        131      0.063      0.740      0.808      0.775      0.851 
283    0.95447       8302       1957         46        131      0.063      0.740      0.808      0.775      0.851 
284    0.95459       8302       1957         46        131      0.063      0.740      0.808      0.775      0.851 
285    0.95274       8302       1957         46        131      0.063      0.740      0.808      0.775      0.851 
286    0.95855       8302       1957         46        131      0.063      0.740      0.808      0.775      0.851 
287    0.95789       8302       1957         46        131      0.063      0.740      0.808      0.775      0.851 
288    0.93352       8302       1957         46        131      0.063      0.740      0.808      0.775      0.851 
289    0.94559       8302       1957         46        131      0.063      0.740      0.808      0.775      0.851 
290    0.95572       8302       1957         46        131      0.063      0.740      0.808      0.775      0.851 
291     0.9447       8302       1957         46        131      0.063      0.740      0.808      0.775      0.851 
292     0.9422       8302       1957         46        131      0.063      0.740      0.808      0.775      0.851 
293    0.94838       8302       1957         46        131      0.063      0.740      0.808      0.775      0.851 
294    0.94251       8302       1957         46        131      0.063      0.740      0.808      0.775      0.851 
295    0.96757       8302       1957         46        131      0.063      0.740      0.808      0.775      0.851 
296    0.94751       8302       1957         46        131      0.063      0.740      0.808      0.775      0.851 
297    0.94264       8302       1957         46        131      0.063      0.740      0.808      0.775      0.851 
298     0.9561       8302       1957         46        131      0.063      0.740      0.808      0.775      0.851 
299    0.95874       8302       1957         46        131      0.063      0.740      0.808      0.775      0.851 
300     0.9475       8302       1957         46        131      0.063      0.740      0.808      0.775      0.851 
