# Number of nodes=10436; Number of edges=824342; Number of node features=5; Model: gcn2.
epoch       loss         tn         fp         fn         tp       prec        rec        acc       bacc        auc 
1     1.5231       6617       1590         61         80      0.048      0.567      0.802      0.687      0.748 
2     1.6107       6624       1583         54         87      0.052      0.617      0.804      0.712      0.761 
3     1.5597       6624       1583         54         87      0.052      0.617      0.804      0.712      0.766 
4     1.3522       6613       1594         65         76      0.046      0.539      0.801      0.672      0.754 
5     1.2661       6586       1621         92         49      0.029      0.348      0.795      0.575      0.632 
6     1.3355       6589       1618         89         52      0.031      0.369      0.796      0.586      0.634 
7     1.3408       6612       1595         66         75      0.045      0.532      0.801      0.669      0.759 
8     1.2587       6630       1577         48         93      0.056      0.660      0.805      0.734      0.799 
9     1.2405       6629       1578         49         92      0.055      0.652      0.805      0.730      0.810 
10     1.2366       6631       1576         47         94      0.056      0.667      0.806      0.737      0.813 
11     1.2419       6631       1576         47         94      0.056      0.667      0.806      0.737      0.815 
12     1.2703       6633       1574         45         96      0.057      0.681      0.806      0.745      0.817 
13     1.2397       6633       1574         45         96      0.057      0.681      0.806      0.745      0.818 
14     1.2122       6633       1574         45         96      0.057      0.681      0.806      0.745      0.818 
15     1.1772       6634       1573         44         97      0.058      0.688      0.806      0.748      0.815 
16     1.1839       6631       1576         47         94      0.056      0.667      0.806      0.737      0.807 
17      1.196       6625       1582         53         88      0.053      0.624      0.804      0.716      0.801 
18     1.2027       6626       1581         52         89      0.053      0.631      0.804      0.719      0.803 
19     1.1811       6631       1576         47         94      0.056      0.667      0.806      0.737      0.810 
20     1.1585       6634       1573         44         97      0.058      0.688      0.806      0.748      0.818 
21      1.167       6636       1571         42         99      0.059      0.702      0.807      0.755      0.824 
22     1.1573       6636       1571         42         99      0.059      0.702      0.807      0.755      0.827 
23     1.1489       6637       1570         41        100      0.060      0.709      0.807      0.759      0.829 
24      1.142       6637       1570         41        100      0.060      0.709      0.807      0.759      0.830 
25     1.1509       6638       1569         40        101      0.060      0.716      0.807      0.763      0.831 
26     1.1369       6636       1571         42         99      0.059      0.702      0.807      0.755      0.830 
27     1.1261       6636       1571         42         99      0.059      0.702      0.807      0.755      0.828 
28     1.1171       6634       1573         44         97      0.058      0.688      0.806      0.748      0.824 
29     1.1137       6633       1574         45         96      0.057      0.681      0.806      0.745      0.821 
30     1.1208       6632       1575         46         95      0.057      0.674      0.806      0.741      0.820 
31      1.135       6634       1573         44         97      0.058      0.688      0.806      0.748      0.824 
32       1.12       6635       1572         43         98      0.059      0.695      0.807      0.752      0.829 
33     1.0833       6636       1571         42         99      0.059      0.702      0.807      0.755      0.833 
34     1.0979       6638       1569         40        101      0.060      0.716      0.807      0.763      0.835 
35     1.0873       6637       1570         41        100      0.060      0.709      0.807      0.759      0.836 
36     1.1013       6635       1572         43         98      0.059      0.695      0.807      0.752      0.835 
37     1.0952       6635       1572         43         98      0.059      0.695      0.807      0.752      0.833 
38     1.0863       6635       1572         43         98      0.059      0.695      0.807      0.752      0.830 
39     1.0713       6635       1572         43         98      0.059      0.695      0.807      0.752      0.829 
40      1.066       6634       1573         44         97      0.058      0.688      0.806      0.748      0.831 
41     1.0674       6634       1573         44         97      0.058      0.688      0.806      0.748      0.835 
42     1.0519       6635       1572         43         98      0.059      0.695      0.807      0.752      0.838 
43     1.0645       6636       1571         42         99      0.059      0.702      0.807      0.755      0.840 
44     1.0594       6635       1572         43         98      0.059      0.695      0.807      0.752      0.839 
45     1.0579       6633       1574         45         96      0.057      0.681      0.806      0.745      0.837 
46     1.0382       6633       1574         45         96      0.057      0.681      0.806      0.745      0.835 
47     1.0493       6633       1574         45         96      0.057      0.681      0.806      0.745      0.834 
48     1.0514       6633       1574         45         96      0.057      0.681      0.806      0.745      0.837 
49     1.0149       6634       1573         44         97      0.058      0.688      0.806      0.748      0.840 
50     1.0302       6634       1573         44         97      0.058      0.688      0.806      0.748      0.842 
51     1.0509       6634       1573         44         97      0.058      0.688      0.806      0.748      0.842 
52     1.0321       6633       1574         45         96      0.057      0.681      0.806      0.745      0.841 
53     1.0114       6633       1574         45         96      0.057      0.681      0.806      0.745      0.839 
54      1.031       6635       1572         43         98      0.059      0.695      0.807      0.752      0.839 
55     1.0274       6634       1573         44         97      0.058      0.688      0.806      0.748      0.842 
56     1.0085       6634       1573         44         97      0.058      0.688      0.806      0.748      0.844 
57     1.0093       6636       1571         42         99      0.059      0.702      0.807      0.755      0.844 
58     1.0045       6636       1571         42         99      0.059      0.702      0.807      0.755      0.842 
59     1.0051       6635       1572         43         98      0.059      0.695      0.807      0.752      0.842 
60    0.99963       6636       1571         42         99      0.059      0.702      0.807      0.755      0.844 
61     1.0206       6636       1571         42         99      0.059      0.702      0.807      0.755      0.846 
62     1.0059       6636       1571         42         99      0.059      0.702      0.807      0.755      0.848 
63    0.99923       6637       1570         41        100      0.060      0.709      0.807      0.759      0.849 
64     1.0132       6637       1570         41        100      0.060      0.709      0.807      0.759      0.849 
65    0.98503       6637       1570         41        100      0.060      0.709      0.807      0.759      0.848 
66    0.99561       6636       1571         42         99      0.059      0.702      0.807      0.755      0.847 
67    0.98013       6636       1571         42         99      0.059      0.702      0.807      0.755      0.848 
68    0.98492       6637       1570         41        100      0.060      0.709      0.807      0.759      0.852 
69    0.99543       6636       1571         42         99      0.059      0.702      0.807      0.755      0.855 
70     1.0098       6636       1571         42         99      0.059      0.702      0.807      0.755      0.854 
71    0.99301       6637       1570         41        100      0.060      0.709      0.807      0.759      0.852 
72    0.95543       6637       1570         41        100      0.060      0.709      0.807      0.759      0.852 
73    0.99197       6637       1570         41        100      0.060      0.709      0.807      0.759      0.856 
74    0.96891       6637       1570         41        100      0.060      0.709      0.807      0.759      0.858 
75    0.95224       6637       1570         41        100      0.060      0.709      0.807      0.759      0.857 
76     0.9667       6637       1570         41        100      0.060      0.709      0.807      0.759      0.855 
77    0.95969       6637       1570         41        100      0.060      0.709      0.807      0.759      0.855 
78    0.96109       6639       1568         39        102      0.061      0.723      0.807      0.766      0.860 
79    0.95473       6641       1566         37        104      0.062      0.738      0.808      0.773      0.862 
80    0.97027       6639       1568         39        102      0.061      0.723      0.807      0.766      0.861 
81    0.95574       6637       1570         41        100      0.060      0.709      0.807      0.759      0.859 
82    0.96335       6638       1569         40        101      0.060      0.716      0.807      0.763      0.860 
83    0.97984       6642       1565         36        105      0.063      0.745      0.808      0.777      0.865 
84    0.96429       6642       1565         36        105      0.063      0.745      0.808      0.777      0.866 
85     0.9581       6642       1565         36        105      0.063      0.745      0.808      0.777      0.865 
86      0.942       6641       1566         37        104      0.062      0.738      0.808      0.773      0.863 
87     0.9535       6641       1566         37        104      0.062      0.738      0.808      0.773      0.864 
88    0.93246       6642       1565         36        105      0.063      0.745      0.808      0.777      0.866 
89     0.9646       6642       1565         36        105      0.063      0.745      0.808      0.777      0.868 
90     0.9436       6642       1565         36        105      0.063      0.745      0.808      0.777      0.868 
91    0.94231       6642       1565         36        105      0.063      0.745      0.808      0.777      0.866 
92      0.946       6643       1564         35        106      0.063      0.752      0.808      0.781      0.868 
93    0.93876       6644       1563         34        107      0.064      0.759      0.809      0.784      0.869 
94    0.93226       6644       1563         34        107      0.064      0.759      0.809      0.784      0.870 
95    0.94521       6644       1563         34        107      0.064      0.759      0.809      0.784      0.871 
96    0.94845       6644       1563         34        107      0.064      0.759      0.809      0.784      0.872 
97     0.9212       6645       1562         33        108      0.065      0.766      0.809      0.788      0.869 
98    0.94126       6647       1560         31        110      0.066      0.780      0.809      0.795      0.872 
99    0.93159       6647       1560         31        110      0.066      0.780      0.809      0.795      0.874 
100    0.94979       6648       1559         30        111      0.066      0.787      0.810      0.799      0.875 
101    0.92993       6648       1559         30        111      0.066      0.787      0.810      0.799      0.874 
102    0.91963       6648       1559         30        111      0.066      0.787      0.810      0.799      0.872 
103    0.95648       6649       1558         29        112      0.067      0.794      0.810      0.802      0.876 
104    0.93569       6649       1558         29        112      0.067      0.794      0.810      0.802      0.878 
105    0.94367       6649       1558         29        112      0.067      0.794      0.810      0.802      0.877 
106    0.92322       6648       1559         30        111      0.066      0.787      0.810      0.799      0.875 
107    0.92941       6649       1558         29        112      0.067      0.794      0.810      0.802      0.877 
108    0.91191       6649       1558         29        112      0.067      0.794      0.810      0.802      0.878 
109     0.9146       6649       1558         29        112      0.067      0.794      0.810      0.802      0.879 
110    0.92164       6650       1557         28        113      0.068      0.801      0.810      0.806      0.879 
111     0.8992       6648       1559         30        111      0.066      0.787      0.810      0.799      0.877 
112    0.92046       6649       1558         29        112      0.067      0.794      0.810      0.802      0.879 
113     0.9015       6650       1557         28        113      0.068      0.801      0.810      0.806      0.880 
114    0.90917       6650       1557         28        113      0.068      0.801      0.810      0.806      0.881 
115    0.88113       6649       1558         29        112      0.067      0.794      0.810      0.802      0.880 
116    0.93451       6651       1556         27        114      0.068      0.809      0.810      0.809      0.881 
117    0.92084       6652       1555         26        115      0.069      0.816      0.811      0.813      0.882 
118    0.92719       6652       1555         26        115      0.069      0.816      0.811      0.813      0.882 
119    0.91835       6651       1556         27        114      0.068      0.809      0.810      0.809      0.882 
120    0.89251       6650       1557         28        113      0.068      0.801      0.810      0.806      0.882 
121    0.94347       6652       1555         26        115      0.069      0.816      0.811      0.813      0.884 
122    0.90069       6652       1555         26        115      0.069      0.816      0.811      0.813      0.884 
123    0.91663       6650       1557         28        113      0.068      0.801      0.810      0.806      0.884 
124    0.88314       6650       1557         28        113      0.068      0.801      0.810      0.806      0.883 
125    0.90719       6651       1556         27        114      0.068      0.809      0.810      0.809      0.885 
126    0.88731       6651       1556         27        114      0.068      0.809      0.810      0.809      0.886 
127     0.8904       6651       1556         27        114      0.068      0.809      0.810      0.809      0.886 
128    0.88528       6651       1556         27        114      0.068      0.809      0.810      0.809      0.886 
129    0.90691       6650       1557         28        113      0.068      0.801      0.810      0.806      0.887 
130    0.88589       6650       1557         28        113      0.068      0.801      0.810      0.806      0.887 
131    0.90053       6650       1557         28        113      0.068      0.801      0.810      0.806      0.887 
132    0.88536       6650       1557         28        113      0.068      0.801      0.810      0.806      0.887 
133    0.87374       6650       1557         28        113      0.068      0.801      0.810      0.806      0.888 
134    0.89225       6650       1557         28        113      0.068      0.801      0.810      0.806      0.888 
135    0.87225       6652       1555         26        115      0.069      0.816      0.811      0.813      0.889 
136    0.88433       6651       1556         27        114      0.068      0.809      0.810      0.809      0.887 
137     0.9065       6652       1555         26        115      0.069      0.816      0.811      0.813      0.889 
138    0.84043       6652       1555         26        115      0.069      0.816      0.811      0.813      0.889 
139    0.88265       6651       1556         27        114      0.068      0.809      0.810      0.809      0.889 
140    0.85853       6651       1556         27        114      0.068      0.809      0.810      0.809      0.889 
141    0.88668       6650       1557         28        113      0.068      0.801      0.810      0.806      0.889 
142    0.89512       6651       1556         27        114      0.068      0.809      0.810      0.809      0.889 
143    0.86813       6651       1556         27        114      0.068      0.809      0.810      0.809      0.889 
144    0.91492       6650       1557         28        113      0.068      0.801      0.810      0.806      0.890 
145    0.90587       6650       1557         28        113      0.068      0.801      0.810      0.806      0.891 
146    0.88802       6652       1555         26        115      0.069      0.816      0.811      0.813      0.890 
147    0.87701       6652       1555         26        115      0.069      0.816      0.811      0.813      0.889 
148    0.86958       6651       1556         27        114      0.068      0.809      0.810      0.809      0.892 
149    0.85398       6650       1557         28        113      0.068      0.801      0.810      0.806      0.892 
150    0.87679       6652       1555         26        115      0.069      0.816      0.811      0.813      0.891 
151    0.89428       6650       1557         28        113      0.068      0.801      0.810      0.806      0.891 
152    0.88462       6650       1557         28        113      0.068      0.801      0.810      0.806      0.892 
153    0.90851       6651       1556         27        114      0.068      0.809      0.810      0.809      0.891 
154    0.88671       6650       1557         28        113      0.068      0.801      0.810      0.806      0.892 
155    0.87084       6651       1556         27        114      0.068      0.809      0.810      0.809      0.892 
156    0.84883       6650       1557         28        113      0.068      0.801      0.810      0.806      0.893 
157    0.84359       6651       1556         27        114      0.068      0.809      0.810      0.809      0.893 
158    0.88115       6651       1556         27        114      0.068      0.809      0.810      0.809      0.893 
159    0.88008       6651       1556         27        114      0.068      0.809      0.810      0.809      0.892 
160    0.84208       6652       1555         26        115      0.069      0.816      0.811      0.813      0.892 
161    0.87244       6651       1556         27        114      0.068      0.809      0.810      0.809      0.893 
162    0.88145       6651       1556         27        114      0.068      0.809      0.810      0.809      0.894 
163    0.87992       6650       1557         28        113      0.068      0.801      0.810      0.806      0.891 
164    0.91896       6653       1554         25        116      0.069      0.823      0.811      0.817      0.893 
165    0.85431       6651       1556         27        114      0.068      0.809      0.810      0.809      0.894 
166    0.88306       6652       1555         26        115      0.069      0.816      0.811      0.813      0.893 
167    0.87256       6652       1555         26        115      0.069      0.816      0.811      0.813      0.893 
168    0.89341       6652       1555         26        115      0.069      0.816      0.811      0.813      0.893 
169    0.87582       6651       1556         27        114      0.068      0.809      0.810      0.809      0.894 
170    0.87849       6651       1556         27        114      0.068      0.809      0.810      0.809      0.894 
171    0.86899       6652       1555         26        115      0.069      0.816      0.811      0.813      0.895 
172    0.85177       6652       1555         26        115      0.069      0.816      0.811      0.813      0.892 
173    0.85272       6652       1555         26        115      0.069      0.816      0.811      0.813      0.894 
174    0.85627       6651       1556         27        114      0.068      0.809      0.810      0.809      0.895 
175    0.86276       6651       1556         27        114      0.068      0.809      0.810      0.809      0.895 
176    0.85814       6652       1555         26        115      0.069      0.816      0.811      0.813      0.895 
177    0.87646       6652       1555         26        115      0.069      0.816      0.811      0.813      0.894 
178    0.86372       6651       1556         27        114      0.068      0.809      0.810      0.809      0.895 
179    0.85028       6650       1557         28        113      0.068      0.801      0.810      0.806      0.894 
180    0.89905       6651       1556         27        114      0.068      0.809      0.810      0.809      0.895 
181    0.87278       6653       1554         25        116      0.069      0.823      0.811      0.817      0.895 
182    0.89337       6652       1555         26        115      0.069      0.816      0.811      0.813      0.894 
183    0.87638       6652       1555         26        115      0.069      0.816      0.811      0.813      0.895 
184    0.88377       6651       1556         27        114      0.068      0.809      0.810      0.809      0.895 
185     0.8798       6651       1556         27        114      0.068      0.809      0.810      0.809      0.895 
186    0.84669       6653       1554         25        116      0.069      0.823      0.811      0.817      0.895 
187    0.85454       6652       1555         26        115      0.069      0.816      0.811      0.813      0.896 
188    0.85067       6651       1556         27        114      0.068      0.809      0.810      0.809      0.895 
189    0.84485       6651       1556         27        114      0.068      0.809      0.810      0.809      0.896 
190    0.86806       6651       1556         27        114      0.068      0.809      0.810      0.809      0.896 
191    0.84336       6653       1554         25        116      0.069      0.823      0.811      0.817      0.896 
192    0.86275       6653       1554         25        116      0.069      0.823      0.811      0.817      0.896 
193        0.9       6651       1556         27        114      0.068      0.809      0.810      0.809      0.897 
194    0.83858       6651       1556         27        114      0.068      0.809      0.810      0.809      0.897 
195    0.85464       6651       1556         27        114      0.068      0.809      0.810      0.809      0.897 
196    0.87323       6651       1556         27        114      0.068      0.809      0.810      0.809      0.897 
197    0.87487       6651       1556         27        114      0.068      0.809      0.810      0.809      0.896 
198    0.87703       6651       1556         27        114      0.068      0.809      0.810      0.809      0.897 
199    0.83827       6652       1555         26        115      0.069      0.816      0.811      0.813      0.897 
200    0.87368       6652       1555         26        115      0.069      0.816      0.811      0.813      0.897 
201    0.85127       6651       1556         27        114      0.068      0.809      0.810      0.809      0.897 
202    0.87696       6651       1556         27        114      0.068      0.809      0.810      0.809      0.896 
203    0.83258       6651       1556         27        114      0.068      0.809      0.810      0.809      0.897 
204    0.87397       6652       1555         26        115      0.069      0.816      0.811      0.813      0.897 
205    0.87244       6653       1554         25        116      0.069      0.823      0.811      0.817      0.896 
206    0.83861       6651       1556         27        114      0.068      0.809      0.810      0.809      0.897 
207    0.85376       6651       1556         27        114      0.068      0.809      0.810      0.809      0.897 
208    0.87403       6651       1556         27        114      0.068      0.809      0.810      0.809      0.897 
209    0.83627       6653       1554         25        116      0.069      0.823      0.811      0.817      0.898 
210    0.86351       6652       1555         26        115      0.069      0.816      0.811      0.813      0.897 
211    0.83687       6652       1555         26        115      0.069      0.816      0.811      0.813      0.898 
212    0.84963       6651       1556         27        114      0.068      0.809      0.810      0.809      0.898 
213    0.85533       6651       1556         27        114      0.068      0.809      0.810      0.809      0.898 
214    0.82754       6651       1556         27        114      0.068      0.809      0.810      0.809      0.898 
215     0.8231       6652       1555         26        115      0.069      0.816      0.811      0.813      0.898 
216    0.85327       6651       1556         27        114      0.068      0.809      0.810      0.809      0.898 
217    0.84468       6651       1556         27        114      0.068      0.809      0.810      0.809      0.898 
218    0.83435       6651       1556         27        114      0.068      0.809      0.810      0.809      0.899 
219    0.85929       6651       1556         27        114      0.068      0.809      0.810      0.809      0.899 
220    0.82994       6652       1555         26        115      0.069      0.816      0.811      0.813      0.899 
221    0.79997       6651       1556         27        114      0.068      0.809      0.810      0.809      0.898 
222    0.87667       6651       1556         27        114      0.068      0.809      0.810      0.809      0.899 
223    0.82448       6651       1556         27        114      0.068      0.809      0.810      0.809      0.899 
224    0.84336       6652       1555         26        115      0.069      0.816      0.811      0.813      0.899 
225    0.83153       6653       1554         25        116      0.069      0.823      0.811      0.817      0.899 
226    0.89297       6652       1555         26        115      0.069      0.816      0.811      0.813      0.898 
227    0.84542       6652       1555         26        115      0.069      0.816      0.811      0.813      0.898 
228    0.84737       6652       1555         26        115      0.069      0.816      0.811      0.813      0.899 
229    0.82088       6653       1554         25        116      0.069      0.823      0.811      0.817      0.899 
230    0.86896       6653       1554         25        116      0.069      0.823      0.811      0.817      0.900 
231    0.82002       6653       1554         25        116      0.069      0.823      0.811      0.817      0.900 
232    0.85833       6654       1553         24        117      0.070      0.830      0.811      0.820      0.900 
233    0.85559       6652       1555         26        115      0.069      0.816      0.811      0.813      0.899 
234    0.85713       6653       1554         25        116      0.069      0.823      0.811      0.817      0.900 
235    0.81873       6652       1555         26        115      0.069      0.816      0.811      0.813      0.901 
236     0.8256       6651       1556         27        114      0.068      0.809      0.810      0.809      0.900 
237    0.84455       6652       1555         26        115      0.069      0.816      0.811      0.813      0.900 
238    0.82418       6653       1554         25        116      0.069      0.823      0.811      0.817      0.899 
239    0.82091       6653       1554         25        116      0.069      0.823      0.811      0.817      0.898 
240    0.84484       6653       1554         25        116      0.069      0.823      0.811      0.817      0.900 
241    0.84293       6652       1555         26        115      0.069      0.816      0.811      0.813      0.900 
242    0.83466       6652       1555         26        115      0.069      0.816      0.811      0.813      0.901 
243    0.81768       6653       1554         25        116      0.069      0.823      0.811      0.817      0.900 
244    0.86745       6655       1552         23        118      0.071      0.837      0.811      0.824      0.901 
245    0.80718       6654       1553         24        117      0.070      0.830      0.811      0.820      0.901 
246    0.82977       6654       1553         24        117      0.070      0.830      0.811      0.820      0.901 
247    0.82253       6654       1553         24        117      0.070      0.830      0.811      0.820      0.901 
248    0.84298       6654       1553         24        117      0.070      0.830      0.811      0.820      0.901 
249    0.84739       6652       1555         26        115      0.069      0.816      0.811      0.813      0.902 
250    0.82564       6652       1555         26        115      0.069      0.816      0.811      0.813      0.902 
251    0.82987       6652       1555         26        115      0.069      0.816      0.811      0.813      0.902 
252     0.8118       6653       1554         25        116      0.069      0.823      0.811      0.817      0.901 
253    0.85347       6652       1555         26        115      0.069      0.816      0.811      0.813      0.902 
254    0.82348       6652       1555         26        115      0.069      0.816      0.811      0.813      0.901 
255    0.83203       6652       1555         26        115      0.069      0.816      0.811      0.813      0.902 
256    0.84322       6653       1554         25        116      0.069      0.823      0.811      0.817      0.902 
257    0.86363       6653       1554         25        116      0.069      0.823      0.811      0.817      0.902 
258    0.85957       6654       1553         24        117      0.070      0.830      0.811      0.820      0.902 
259    0.82032       6655       1552         23        118      0.071      0.837      0.811      0.824      0.902 
260    0.82505       6655       1552         23        118      0.071      0.837      0.811      0.824      0.902 
261    0.80742       6655       1552         23        118      0.071      0.837      0.811      0.824      0.902 
262    0.84876       6653       1554         25        116      0.069      0.823      0.811      0.817      0.903 
263    0.81667       6652       1555         26        115      0.069      0.816      0.811      0.813      0.902 
264    0.83822       6652       1555         26        115      0.069      0.816      0.811      0.813      0.903 
265    0.82079       6654       1553         24        117      0.070      0.830      0.811      0.820      0.903 
266    0.82082       6654       1553         24        117      0.070      0.830      0.811      0.820      0.903 
267    0.85113       6652       1555         26        115      0.069      0.816      0.811      0.813      0.903 
268    0.81612       6652       1555         26        115      0.069      0.816      0.811      0.813      0.903 
269    0.85784       6653       1554         25        116      0.069      0.823      0.811      0.817      0.903 
270    0.82794       6654       1553         24        117      0.070      0.830      0.811      0.820      0.903 
271    0.84707       6654       1553         24        117      0.070      0.830      0.811      0.820      0.903 
272    0.81171       6652       1555         26        115      0.069      0.816      0.811      0.813      0.903 
273    0.81532       6652       1555         26        115      0.069      0.816      0.811      0.813      0.903 
274    0.80536       6654       1553         24        117      0.070      0.830      0.811      0.820      0.903 
275     0.8189       6654       1553         24        117      0.070      0.830      0.811      0.820      0.903 
276    0.83373       6652       1555         26        115      0.069      0.816      0.811      0.813      0.903 
277    0.82203       6652       1555         26        115      0.069      0.816      0.811      0.813      0.903 
278    0.83306       6652       1555         26        115      0.069      0.816      0.811      0.813      0.903 
279    0.80449       6653       1554         25        116      0.069      0.823      0.811      0.817      0.903 
280    0.82143       6653       1554         25        116      0.069      0.823      0.811      0.817      0.904 
281    0.80191       6653       1554         25        116      0.069      0.823      0.811      0.817      0.904 
282    0.81617       6652       1555         26        115      0.069      0.816      0.811      0.813      0.904 
283    0.83714       6652       1555         26        115      0.069      0.816      0.811      0.813      0.904 
284    0.82772       6653       1554         25        116      0.069      0.823      0.811      0.817      0.904 
285    0.79216       6654       1553         24        117      0.070      0.830      0.811      0.820      0.904 
286    0.81928       6653       1554         25        116      0.069      0.823      0.811      0.817      0.904 
287    0.81544       6653       1554         25        116      0.069      0.823      0.811      0.817      0.904 
288    0.83355       6652       1555         26        115      0.069      0.816      0.811      0.813      0.905 
289    0.81948       6653       1554         25        116      0.069      0.823      0.811      0.817      0.905 
290    0.82801       6652       1555         26        115      0.069      0.816      0.811      0.813      0.905 
291    0.81378       6652       1555         26        115      0.069      0.816      0.811      0.813      0.905 
292    0.82447       6652       1555         26        115      0.069      0.816      0.811      0.813      0.905 
293    0.81697       6653       1554         25        116      0.069      0.823      0.811      0.817      0.904 
294     0.7957       6653       1554         25        116      0.069      0.823      0.811      0.817      0.904 
295    0.80231       6653       1554         25        116      0.069      0.823      0.811      0.817      0.905 
296    0.81993       6653       1554         25        116      0.069      0.823      0.811      0.817      0.905 
297    0.82367       6653       1554         25        116      0.069      0.823      0.811      0.817      0.905 
298    0.84124       6652       1555         26        115      0.069      0.816      0.811      0.813      0.906 
299    0.81433       6653       1554         25        116      0.069      0.823      0.811      0.817      0.906 
300    0.83372       6652       1555         26        115      0.069      0.816      0.811      0.813      0.906 
