# Number of nodes=10436; Number of edges=824342; Number of node features=5; Model: gcn2.
epoch       loss         tn         fp         fn         tp       prec        rec        acc       bacc        auc 
1     1.3281       8277       1982         71        106      0.051      0.599      0.803      0.703      0.781 
2     1.6858       8274       1985         74        103      0.049      0.582      0.803      0.694      0.785 
3     1.3412       8264       1995         84         93      0.045      0.525      0.801      0.665      0.767 
4     1.2671       8230       2029        118         59      0.028      0.333      0.794      0.568      0.627 
5      1.434       8267       1992         81         96      0.046      0.542      0.801      0.674      0.763 
6     1.3325       8288       1971         60        117      0.056      0.661      0.805      0.734      0.820 
7     1.2676       8288       1971         60        117      0.056      0.661      0.805      0.734      0.822 
8     1.2305       8289       1970         59        118      0.057      0.667      0.806      0.737      0.820 
9     1.2726       8289       1970         59        118      0.057      0.667      0.806      0.737      0.821 
10     1.2931       8289       1970         59        118      0.057      0.667      0.806      0.737      0.823 
11     1.2635       8291       1968         57        120      0.057      0.678      0.806      0.743      0.827 
12     1.2458       8291       1968         57        120      0.057      0.678      0.806      0.743      0.831 
13     1.2202       8296       1963         52        125      0.060      0.706      0.807      0.757      0.831 
14     1.1845       8292       1967         56        121      0.058      0.684      0.806      0.746      0.825 
15     1.1856       8292       1967         56        121      0.058      0.684      0.806      0.746      0.818 
16     1.2053       8292       1967         56        121      0.058      0.684      0.806      0.746      0.818 
17     1.2055       8294       1965         54        123      0.059      0.695      0.807      0.752      0.825 
18     1.2135       8293       1966         55        122      0.058      0.689      0.806      0.749      0.830 
19     1.1535       8296       1963         52        125      0.060      0.706      0.807      0.757      0.832 
20     1.1697       8294       1965         54        123      0.059      0.695      0.807      0.752      0.833 
21     1.1763       8294       1965         54        123      0.059      0.695      0.807      0.752      0.833 
22     1.1751       8295       1964         53        124      0.059      0.701      0.807      0.755      0.834 
23      1.158       8295       1964         53        124      0.059      0.701      0.807      0.755      0.833 
24     1.1443       8293       1966         55        122      0.058      0.689      0.806      0.749      0.830 
25     1.1365       8294       1965         54        123      0.059      0.695      0.807      0.752      0.823 
26      1.149       8295       1964         53        124      0.059      0.701      0.807      0.755      0.817 
27     1.1326       8298       1961         50        127      0.061      0.718      0.807      0.763      0.821 
28     1.1173       8296       1963         52        125      0.060      0.706      0.807      0.757      0.828 
29     1.0972       8295       1964         53        124      0.059      0.701      0.807      0.755      0.833 
30     1.1188       8296       1963         52        125      0.060      0.706      0.807      0.757      0.835 
31     1.1261       8298       1961         50        127      0.061      0.718      0.807      0.763      0.835 
32     1.1202       8298       1961         50        127      0.061      0.718      0.807      0.763      0.833 
33     1.0809       8301       1958         47        130      0.062      0.734      0.808      0.772      0.826 
34     1.0951       8300       1959         48        129      0.062      0.729      0.808      0.769      0.821 
35     1.0985       8302       1957         46        131      0.063      0.740      0.808      0.775      0.827 
36     1.0945       8304       1955         44        133      0.064      0.751      0.808      0.780      0.836 
37      1.075       8302       1957         46        131      0.063      0.740      0.808      0.775      0.840 
38     1.0988       8305       1954         43        134      0.064      0.757      0.809      0.783      0.839 
39     1.0865       8306       1953         42        135      0.065      0.763      0.809      0.786      0.834 
40     1.0494       8299       1960         49        128      0.061      0.723      0.807      0.766      0.823 
41     1.0723       8299       1960         49        128      0.061      0.723      0.807      0.766      0.824 
42     1.0793       8306       1953         42        135      0.065      0.763      0.809      0.786      0.839 
43     1.0429       8306       1953         42        135      0.065      0.763      0.809      0.786      0.846 
44     1.0662       8305       1954         43        134      0.064      0.757      0.809      0.783      0.847 
45      1.059       8306       1953         42        135      0.065      0.763      0.809      0.786      0.844 
46     1.0536       8303       1956         45        132      0.063      0.746      0.808      0.778      0.835 
47     1.0485       8301       1958         47        130      0.062      0.734      0.808      0.772      0.833 
48      1.069       8304       1955         44        133      0.064      0.751      0.808      0.780      0.842 
49     1.0264       8306       1953         42        135      0.065      0.763      0.809      0.786      0.849 
50     1.0464       8306       1953         42        135      0.065      0.763      0.809      0.786      0.851 
51     1.0194       8306       1953         42        135      0.065      0.763      0.809      0.786      0.850 
52     1.0357       8305       1954         43        134      0.064      0.757      0.809      0.783      0.844 
53      1.031       8304       1955         44        133      0.064      0.751      0.808      0.780      0.841 
54     1.0375       8305       1954         43        134      0.064      0.757      0.809      0.783      0.846 
55     1.0015       8307       1952         41        136      0.065      0.768      0.809      0.789      0.852 
56    0.99943       8307       1952         41        136      0.065      0.768      0.809      0.789      0.854 
57     1.0075       8306       1953         42        135      0.065      0.763      0.809      0.786      0.853 
58     1.0201       8305       1954         43        134      0.064      0.757      0.809      0.783      0.851 
59    0.98804       8305       1954         43        134      0.064      0.757      0.809      0.783      0.847 
60       1.01       8305       1954         43        134      0.064      0.757      0.809      0.783      0.846 
61     1.0239       8307       1952         41        136      0.065      0.768      0.809      0.789      0.854 
62    0.99231       8308       1951         40        137      0.066      0.774      0.809      0.792      0.857 
63    0.99832       8307       1952         41        136      0.065      0.768      0.809      0.789      0.855 
64     1.0216       8305       1954         43        134      0.064      0.757      0.809      0.783      0.851 
65     1.0244       8306       1953         42        135      0.065      0.763      0.809      0.786      0.849 
66     1.0022       8306       1953         42        135      0.065      0.763      0.809      0.786      0.850 
67    0.99165       8306       1953         42        135      0.065      0.763      0.809      0.786      0.855 
68    0.99927       8308       1951         40        137      0.066      0.774      0.809      0.792      0.858 
69    0.98421       8307       1952         41        136      0.065      0.768      0.809      0.789      0.856 
70    0.99821       8305       1954         43        134      0.064      0.757      0.809      0.783      0.851 
71     1.0024       8304       1955         44        133      0.064      0.751      0.808      0.780      0.850 
72     1.0326       8306       1953         42        135      0.065      0.763      0.809      0.786      0.856 
73    0.99093       8309       1950         39        138      0.066      0.780      0.809      0.795      0.860 
74    0.98232       8307       1952         41        136      0.065      0.768      0.809      0.789      0.859 
75    0.96599       8305       1954         43        134      0.064      0.757      0.809      0.783      0.853 
76     1.0057       8304       1955         44        133      0.064      0.751      0.808      0.780      0.849 
77    0.99901       8306       1953         42        135      0.065      0.763      0.809      0.786      0.857 
78    0.96936       8307       1952         41        136      0.065      0.768      0.809      0.789      0.860 
79      1.007       8308       1951         40        137      0.066      0.774      0.809      0.792      0.861 
80     1.0127       8307       1952         41        136      0.065      0.768      0.809      0.789      0.859 
81    0.96326       8306       1953         42        135      0.065      0.763      0.809      0.786      0.854 
82    0.99305       8306       1953         42        135      0.065      0.763      0.809      0.786      0.853 
83    0.98569       8307       1952         41        136      0.065      0.768      0.809      0.789      0.859 
84    0.96476       8309       1950         39        138      0.066      0.780      0.809      0.795      0.862 
85    0.97269       8308       1951         40        137      0.066      0.774      0.809      0.792      0.861 
86    0.98432       8306       1953         42        135      0.065      0.763      0.809      0.786      0.858 
87    0.97211       8306       1953         42        135      0.065      0.763      0.809      0.786      0.856 
88    0.93663       8306       1953         42        135      0.065      0.763      0.809      0.786      0.858 
89    0.94115       8308       1951         40        137      0.066      0.774      0.809      0.792      0.861 
90    0.99346       8309       1950         39        138      0.066      0.780      0.809      0.795      0.863 
91    0.96754       8309       1950         39        138      0.066      0.780      0.809      0.795      0.863 
92    0.97432       8308       1951         40        137      0.066      0.774      0.809      0.792      0.861 
93    0.98245       8307       1952         41        136      0.065      0.768      0.809      0.789      0.860 
94    0.97718       8308       1951         40        137      0.066      0.774      0.809      0.792      0.861 
95    0.98237       8309       1950         39        138      0.066      0.780      0.809      0.795      0.864 
96    0.97304       8310       1949         38        139      0.067      0.785      0.810      0.798      0.865 
97    0.94903       8308       1951         40        137      0.066      0.774      0.809      0.792      0.864 
98    0.96692       8308       1951         40        137      0.066      0.774      0.809      0.792      0.862 
99    0.95263       8308       1951         40        137      0.066      0.774      0.809      0.792      0.863 
100    0.97004       8310       1949         38        139      0.067      0.785      0.810      0.798      0.866 
101    0.94167       8310       1949         38        139      0.067      0.785      0.810      0.798      0.866 
102    0.96303       8308       1951         40        137      0.066      0.774      0.809      0.792      0.865 
103    0.92104       8308       1951         40        137      0.066      0.774      0.809      0.792      0.863 
104    0.94332       8307       1952         41        136      0.065      0.768      0.809      0.789      0.862 
105    0.95508       8308       1951         40        137      0.066      0.774      0.809      0.792      0.866 
106    0.93468       8310       1949         38        139      0.067      0.785      0.810      0.798      0.868 
107    0.96893       8308       1951         40        137      0.066      0.774      0.809      0.792      0.867 
108    0.93687       8307       1952         41        136      0.065      0.768      0.809      0.789      0.863 
109    0.95522       8308       1951         40        137      0.066      0.774      0.809      0.792      0.865 
110    0.96617       8310       1949         38        139      0.067      0.785      0.810      0.798      0.868 
111     0.9264       8310       1949         38        139      0.067      0.785      0.810      0.798      0.869 
112    0.94409       8308       1951         40        137      0.066      0.774      0.809      0.792      0.868 
113    0.94479       8308       1951         40        137      0.066      0.774      0.809      0.792      0.865 
114    0.95244       8308       1951         40        137      0.066      0.774      0.809      0.792      0.868 
115    0.94255       8309       1950         39        138      0.066      0.780      0.809      0.795      0.870 
116    0.92214       8308       1951         40        137      0.066      0.774      0.809      0.792      0.868 
117    0.93323       8309       1950         39        138      0.066      0.780      0.809      0.795      0.868 
118    0.92232       8308       1951         40        137      0.066      0.774      0.809      0.792      0.870 
119    0.92118       8310       1949         38        139      0.067      0.785      0.810      0.798      0.872 
120     0.9095       8308       1951         40        137      0.066      0.774      0.809      0.792      0.871 
121    0.93202       8308       1951         40        137      0.066      0.774      0.809      0.792      0.871 
122     0.9066       8308       1951         40        137      0.066      0.774      0.809      0.792      0.872 
123    0.95326       8311       1948         37        140      0.067      0.791      0.810      0.801      0.873 
124    0.94241       8311       1948         37        140      0.067      0.791      0.810      0.801      0.874 
125    0.93914       8310       1949         38        139      0.067      0.785      0.810      0.798      0.873 
126     0.9012       8308       1951         40        137      0.066      0.774      0.809      0.792      0.869 
127    0.94094       8309       1950         39        138      0.066      0.780      0.809      0.795      0.873 
128    0.90199       8310       1949         38        139      0.067      0.785      0.810      0.798      0.875 
129    0.96177       8310       1949         38        139      0.067      0.785      0.810      0.798      0.875 
130    0.91248       8310       1949         38        139      0.067      0.785      0.810      0.798      0.872 
131    0.91053       8311       1948         37        140      0.067      0.791      0.810      0.801      0.871 
132    0.90986       8310       1949         38        139      0.067      0.785      0.810      0.798      0.876 
133    0.90137       8310       1949         38        139      0.067      0.785      0.810      0.798      0.877 
134    0.92333       8310       1949         38        139      0.067      0.785      0.810      0.798      0.875 
135    0.91111       8311       1948         37        140      0.067      0.791      0.810      0.801      0.872 
136    0.90723       8312       1947         36        141      0.068      0.797      0.810      0.803      0.877 
137    0.91827       8311       1948         37        140      0.067      0.791      0.810      0.801      0.879 
138    0.93683       8311       1948         37        140      0.067      0.791      0.810      0.801      0.880 
139    0.89978       8311       1948         37        140      0.067      0.791      0.810      0.801      0.877 
140    0.90292       8312       1947         36        141      0.068      0.797      0.810      0.803      0.876 
141     0.9255       8311       1948         37        140      0.067      0.791      0.810      0.801      0.880 
142    0.88432       8311       1948         37        140      0.067      0.791      0.810      0.801      0.879 
143    0.93922       8311       1948         37        140      0.067      0.791      0.810      0.801      0.878 
144    0.87452       8312       1947         36        141      0.068      0.797      0.810      0.803      0.873 
145    0.91183       8310       1949         38        139      0.067      0.785      0.810      0.798      0.876 
146    0.91092       8311       1948         37        140      0.067      0.791      0.810      0.801      0.881 
147    0.90334       8312       1947         36        141      0.068      0.797      0.810      0.803      0.881 
148    0.91258       8312       1947         36        141      0.068      0.797      0.810      0.803      0.881 
149     0.8871       8313       1946         35        142      0.068      0.802      0.810      0.806      0.880 
150    0.90354       8312       1947         36        141      0.068      0.797      0.810      0.803      0.881 
151    0.89939       8312       1947         36        141      0.068      0.797      0.810      0.803      0.882 
152    0.90826       8312       1947         36        141      0.068      0.797      0.810      0.803      0.882 
153     0.8939       8311       1948         37        140      0.067      0.791      0.810      0.801      0.880 
154    0.92291       8311       1948         37        140      0.067      0.791      0.810      0.801      0.881 
155    0.87422       8313       1946         35        142      0.068      0.802      0.810      0.806      0.883 
156    0.89552       8313       1946         35        142      0.068      0.802      0.810      0.806      0.883 
157    0.90002       8312       1947         36        141      0.068      0.797      0.810      0.803      0.882 
158    0.88921       8312       1947         36        141      0.068      0.797      0.810      0.803      0.882 
159    0.90795       8313       1946         35        142      0.068      0.802      0.810      0.806      0.883 
160    0.85619       8313       1946         35        142      0.068      0.802      0.810      0.806      0.883 
161    0.86957       8311       1948         37        140      0.067      0.791      0.810      0.801      0.881 
162    0.89119       8310       1949         38        139      0.067      0.785      0.810      0.798      0.882 
163     0.8921       8313       1946         35        142      0.068      0.802      0.810      0.806      0.884 
164    0.89414       8312       1947         36        141      0.068      0.797      0.810      0.803      0.885 
165    0.88624       8312       1947         36        141      0.068      0.797      0.810      0.803      0.885 
166    0.86439       8312       1947         36        141      0.068      0.797      0.810      0.803      0.885 
167     0.8895       8312       1947         36        141      0.068      0.797      0.810      0.803      0.886 
168    0.85399       8312       1947         36        141      0.068      0.797      0.810      0.803      0.886 
169    0.91377       8311       1948         37        140      0.067      0.791      0.810      0.801      0.884 
170    0.87476       8311       1948         37        140      0.067      0.791      0.810      0.801      0.882 
171    0.90724       8312       1947         36        141      0.068      0.797      0.810      0.803      0.885 
172     0.8978       8312       1947         36        141      0.068      0.797      0.810      0.803      0.886 
173    0.85352       8312       1947         36        141      0.068      0.797      0.810      0.803      0.886 
174    0.92018       8312       1947         36        141      0.068      0.797      0.810      0.803      0.886 
175    0.87451       8312       1947         36        141      0.068      0.797      0.810      0.803      0.886 
176    0.85863       8312       1947         36        141      0.068      0.797      0.810      0.803      0.886 
177    0.88696       8313       1946         35        142      0.068      0.802      0.810      0.806      0.885 
178    0.87186       8311       1948         37        140      0.067      0.791      0.810      0.801      0.885 
179    0.90993       8311       1948         37        140      0.067      0.791      0.810      0.801      0.885 
180    0.84987       8310       1949         38        139      0.067      0.785      0.810      0.798      0.884 
181    0.84374       8310       1949         38        139      0.067      0.785      0.810      0.798      0.882 
182    0.88342       8312       1947         36        141      0.068      0.797      0.810      0.803      0.886 
183     0.8438       8312       1947         36        141      0.068      0.797      0.810      0.803      0.888 
184    0.86439       8312       1947         36        141      0.068      0.797      0.810      0.803      0.888 
185    0.87682       8313       1946         35        142      0.068      0.802      0.810      0.806      0.887 
186    0.85921       8314       1945         34        143      0.068      0.808      0.810      0.809      0.886 
187    0.89492       8312       1947         36        141      0.068      0.797      0.810      0.803      0.888 
188    0.89285       8313       1946         35        142      0.068      0.802      0.810      0.806      0.888 
189    0.87387       8311       1948         37        140      0.067      0.791      0.810      0.801      0.883 
190    0.89049       8311       1948         37        140      0.067      0.791      0.810      0.801      0.886 
191    0.85225       8312       1947         36        141      0.068      0.797      0.810      0.803      0.888 
192    0.88715       8312       1947         36        141      0.068      0.797      0.810      0.803      0.889 
193     0.8853       8312       1947         36        141      0.068      0.797      0.810      0.803      0.888 
194    0.89508       8312       1947         36        141      0.068      0.797      0.810      0.803      0.889 
195     0.8805       8312       1947         36        141      0.068      0.797      0.810      0.803      0.889 
196    0.87398       8312       1947         36        141      0.068      0.797      0.810      0.803      0.889 
197    0.83452       8312       1947         36        141      0.068      0.797      0.810      0.803      0.889 
198    0.89158       8313       1946         35        142      0.068      0.802      0.810      0.806      0.890 
199    0.84674       8313       1946         35        142      0.068      0.802      0.810      0.806      0.890 
200    0.85618       8312       1947         36        141      0.068      0.797      0.810      0.803      0.889 
201    0.88067       8312       1947         36        141      0.068      0.797      0.810      0.803      0.889 
202    0.83891       8313       1946         35        142      0.068      0.802      0.810      0.806      0.891 
203    0.83316       8313       1946         35        142      0.068      0.802      0.810      0.806      0.891 
204    0.84731       8313       1946         35        142      0.068      0.802      0.810      0.806      0.891 
205    0.83686       8312       1947         36        141      0.068      0.797      0.810      0.803      0.890 
206    0.86015       8312       1947         36        141      0.068      0.797      0.810      0.803      0.890 
207    0.82962       8313       1946         35        142      0.068      0.802      0.810      0.806      0.890 
208    0.81801       8312       1947         36        141      0.068      0.797      0.810      0.803      0.889 
209    0.87774       8312       1947         36        141      0.068      0.797      0.810      0.803      0.890 
210    0.84936       8314       1945         34        143      0.068      0.808      0.810      0.809      0.891 
211    0.85554       8313       1946         35        142      0.068      0.802      0.810      0.806      0.892 
212    0.87587       8313       1946         35        142      0.068      0.802      0.810      0.806      0.892 
213    0.84698       8313       1946         35        142      0.068      0.802      0.810      0.806      0.891 
214    0.88051       8313       1946         35        142      0.068      0.802      0.810      0.806      0.892 
215    0.83988       8313       1946         35        142      0.068      0.802      0.810      0.806      0.892 
216    0.81348       8314       1945         34        143      0.068      0.808      0.810      0.809      0.891 
217    0.86527       8316       1943         32        145      0.069      0.819      0.811      0.815      0.890 
218    0.85898       8315       1944         33        144      0.069      0.814      0.811      0.812      0.891 
219    0.87923       8315       1944         33        144      0.069      0.814      0.811      0.812      0.890 
220    0.83787       8313       1946         35        142      0.068      0.802      0.810      0.806      0.889 
221    0.82783       8315       1944         33        144      0.069      0.814      0.811      0.812      0.891 
222      0.837       8314       1945         34        143      0.068      0.808      0.810      0.809      0.892 
223    0.87626       8314       1945         34        143      0.068      0.808      0.810      0.809      0.893 
224     0.8471       8315       1944         33        144      0.069      0.814      0.811      0.812      0.893 
225    0.83258       8315       1944         33        144      0.069      0.814      0.811      0.812      0.893 
226    0.85085       8315       1944         33        144      0.069      0.814      0.811      0.812      0.895 
227    0.82657       8315       1944         33        144      0.069      0.814      0.811      0.812      0.895 
228    0.85618       8314       1945         34        143      0.068      0.808      0.810      0.809      0.894 
229    0.82804       8315       1944         33        144      0.069      0.814      0.811      0.812      0.893 
230    0.84815       8315       1944         33        144      0.069      0.814      0.811      0.812      0.894 
231    0.85987       8314       1945         34        143      0.068      0.808      0.810      0.809      0.894 
232     0.8423       8314       1945         34        143      0.068      0.808      0.810      0.809      0.893 
233     0.8803       8316       1943         32        145      0.069      0.819      0.811      0.815      0.893 
234    0.85066       8313       1946         35        142      0.068      0.802      0.810      0.806      0.892 
235    0.84627       8313       1946         35        142      0.068      0.802      0.810      0.806      0.891 
236    0.81926       8316       1943         32        145      0.069      0.819      0.811      0.815      0.894 
237    0.81732       8314       1945         34        143      0.068      0.808      0.810      0.809      0.894 
238    0.83207       8314       1945         34        143      0.068      0.808      0.810      0.809      0.895 
239    0.85448       8315       1944         33        144      0.069      0.814      0.811      0.812      0.895 
240     0.8488       8314       1945         34        143      0.068      0.808      0.810      0.809      0.895 
241     0.8566       8315       1944         33        144      0.069      0.814      0.811      0.812      0.895 
242    0.84944       8315       1944         33        144      0.069      0.814      0.811      0.812      0.896 
243    0.83453       8316       1943         32        145      0.069      0.819      0.811      0.815      0.896 
244    0.82508       8315       1944         33        144      0.069      0.814      0.811      0.812      0.895 
245    0.83431       8313       1946         35        142      0.068      0.802      0.810      0.806      0.894 
246    0.81583       8314       1945         34        143      0.068      0.808      0.810      0.809      0.894 
247    0.80715       8314       1945         34        143      0.068      0.808      0.810      0.809      0.894 
248    0.84029       8314       1945         34        143      0.068      0.808      0.810      0.809      0.894 
249     0.8406       8314       1945         34        143      0.068      0.808      0.810      0.809      0.895 
250    0.82537       8316       1943         32        145      0.069      0.819      0.811      0.815      0.896 
251    0.87004       8313       1946         35        142      0.068      0.802      0.810      0.806      0.895 
252     0.8605       8312       1947         36        141      0.068      0.797      0.810      0.803      0.895 
253    0.84957       8316       1943         32        145      0.069      0.819      0.811      0.815      0.897 
254    0.81693       8315       1944         33        144      0.069      0.814      0.811      0.812      0.896 
255     0.8249       8314       1945         34        143      0.068      0.808      0.810      0.809      0.895 
256    0.82307       8314       1945         34        143      0.068      0.808      0.810      0.809      0.893 
257     0.8229       8314       1945         34        143      0.068      0.808      0.810      0.809      0.895 
258    0.84679       8317       1942         31        146      0.070      0.825      0.811      0.818      0.896 
259    0.83182       8314       1945         34        143      0.068      0.808      0.810      0.809      0.895 
260    0.84597       8315       1944         33        144      0.069      0.814      0.811      0.812      0.898 
261    0.80622       8317       1942         31        146      0.070      0.825      0.811      0.818      0.898 
262    0.87714       8317       1942         31        146      0.070      0.825      0.811      0.818      0.898 
263    0.85233       8315       1944         33        144      0.069      0.814      0.811      0.812      0.898 
264    0.86097       8315       1944         33        144      0.069      0.814      0.811      0.812      0.898 
265    0.83723       8315       1944         33        144      0.069      0.814      0.811      0.812      0.897 
266    0.83088       8315       1944         33        144      0.069      0.814      0.811      0.812      0.895 
267    0.84319       8314       1945         34        143      0.068      0.808      0.810      0.809      0.895 
268    0.82595       8314       1945         34        143      0.068      0.808      0.810      0.809      0.896 
269    0.80064       8314       1945         34        143      0.068      0.808      0.810      0.809      0.897 
270    0.80824       8316       1943         32        145      0.069      0.819      0.811      0.815      0.898 
271    0.80562       8317       1942         31        146      0.070      0.825      0.811      0.818      0.898 
272      0.812       8317       1942         31        146      0.070      0.825      0.811      0.818      0.898 
273    0.85384       8316       1943         32        145      0.069      0.819      0.811      0.815      0.898 
274    0.83064       8315       1944         33        144      0.069      0.814      0.811      0.812      0.897 
275    0.82593       8315       1944         33        144      0.069      0.814      0.811      0.812      0.896 
276     0.8371       8315       1944         33        144      0.069      0.814      0.811      0.812      0.895 
277     0.8236       8315       1944         33        144      0.069      0.814      0.811      0.812      0.895 
278    0.85089       8315       1944         33        144      0.069      0.814      0.811      0.812      0.898 
279    0.81491       8315       1944         33        144      0.069      0.814      0.811      0.812      0.898 
280    0.82754       8314       1945         34        143      0.068      0.808      0.810      0.809      0.898 
281    0.81658       8314       1945         34        143      0.068      0.808      0.810      0.809      0.898 
282    0.83799       8317       1942         31        146      0.070      0.825      0.811      0.818      0.899 
283    0.83772       8315       1944         33        144      0.069      0.814      0.811      0.812      0.899 
284    0.87309       8315       1944         33        144      0.069      0.814      0.811      0.812      0.896 
285    0.82591       8315       1944         33        144      0.069      0.814      0.811      0.812      0.896 
286    0.80218       8315       1944         33        144      0.069      0.814      0.811      0.812      0.897 
287    0.81351       8314       1945         34        143      0.068      0.808      0.810      0.809      0.899 
288    0.81632       8316       1943         32        145      0.069      0.819      0.811      0.815      0.900 
289    0.83528       8315       1944         33        144      0.069      0.814      0.811      0.812      0.901 
290    0.84585       8315       1944         33        144      0.069      0.814      0.811      0.812      0.901 
291    0.81315       8315       1944         33        144      0.069      0.814      0.811      0.812      0.901 
292    0.81258       8314       1945         34        143      0.068      0.808      0.810      0.809      0.900 
293     0.8407       8316       1943         32        145      0.069      0.819      0.811      0.815      0.900 
294    0.83523       8316       1943         32        145      0.069      0.819      0.811      0.815      0.899 
295    0.81539       8315       1944         33        144      0.069      0.814      0.811      0.812      0.898 
296    0.82133       8315       1944         33        144      0.069      0.814      0.811      0.812      0.900 
297    0.79322       8315       1944         33        144      0.069      0.814      0.811      0.812      0.901 
298    0.81349       8315       1944         33        144      0.069      0.814      0.811      0.812      0.901 
299    0.79929       8315       1944         33        144      0.069      0.814      0.811      0.812      0.901 
300    0.81908       8316       1943         32        145      0.069      0.819      0.811      0.815      0.901 
