# Number of nodes=10436; Number of edges=824342; Number of node features=5; Model: gcn.
epoch       loss         tn         fp         fn         tp       prec        rec        acc       bacc        auc 
1     2.4101       8174       2085        174          3      0.001      0.017      0.784      0.407      0.187 
2     2.0396       8175       2084        173          4      0.002      0.023      0.784      0.410      0.194 
3     1.7084       8179       2080        169          8      0.004      0.045      0.784      0.421      0.262 
4     1.4784       8219       2040        129         48      0.023      0.271      0.792      0.536      0.527 
5     1.3836       8243       2016        105         72      0.034      0.407      0.797      0.605      0.643 
6     1.4021       8255       2004         93         84      0.040      0.475      0.799      0.640      0.688 
7     1.4384       8256       2003         92         85      0.041      0.480      0.799      0.642      0.710 
8     1.4859       8260       1999         88         89      0.043      0.503      0.800      0.654      0.721 
9     1.5182       8263       1996         85         92      0.044      0.520      0.801      0.663      0.727 
10      1.532       8265       1994         83         94      0.045      0.531      0.801      0.668      0.730 
11     1.5317       8265       1994         83         94      0.045      0.531      0.801      0.668      0.731 
12     1.5188       8265       1994         83         94      0.045      0.531      0.801      0.668      0.731 
13     1.4827       8264       1995         84         93      0.045      0.525      0.801      0.665      0.729 
14     1.4577       8258       2001         90         87      0.042      0.492      0.800      0.648      0.725 
15     1.4135       8258       2001         90         87      0.042      0.492      0.800      0.648      0.721 
16     1.3859       8259       2000         89         88      0.042      0.497      0.800      0.651      0.713 
17     1.3622       8258       2001         90         87      0.042      0.492      0.800      0.648      0.704 
18     1.3383       8258       2001         90         87      0.042      0.492      0.800      0.648      0.691 
19     1.3254       8253       2006         95         82      0.039      0.463      0.799      0.634      0.676 
20     1.3241       8249       2010         99         78      0.037      0.441      0.798      0.622      0.657 
21     1.3192       8248       2011        100         77      0.037      0.435      0.798      0.620      0.637 
22     1.3408       8242       2017        106         71      0.034      0.401      0.797      0.602      0.623 
23     1.3382       8241       2018        107         70      0.034      0.395      0.796      0.599      0.620 
24     1.3391       8242       2017        106         71      0.034      0.401      0.797      0.602      0.631 
25     1.3299       8248       2011        100         77      0.037      0.435      0.798      0.620      0.654 
26     1.3278       8252       2007         96         81      0.039      0.458      0.798      0.631      0.680 
27     1.3145       8257       2002         91         86      0.041      0.486      0.799      0.645      0.707 
28     1.3133       8262       1997         86         91      0.044      0.514      0.800      0.660      0.730 
29      1.295       8266       1993         82         95      0.045      0.537      0.801      0.671      0.748 
30     1.2851       8270       1989         78         99      0.047      0.559      0.802      0.683      0.761 
31     1.2784       8274       1985         74        103      0.049      0.582      0.803      0.694      0.771 
32     1.2651       8280       1979         68        109      0.052      0.616      0.804      0.711      0.779 
33     1.2611       8282       1977         66        111      0.053      0.627      0.804      0.717      0.785 
34     1.2652       8282       1977         66        111      0.053      0.627      0.804      0.717      0.790 
35     1.2567       8284       1975         64        113      0.054      0.638      0.805      0.723      0.793 
36     1.2587       8284       1975         64        113      0.054      0.638      0.805      0.723      0.797 
37      1.255       8284       1975         64        113      0.054      0.638      0.805      0.723      0.800 
38     1.2579       8284       1975         64        113      0.054      0.638      0.805      0.723      0.803 
39     1.2431       8286       1973         62        115      0.055      0.650      0.805      0.729      0.805 
40      1.242       8286       1973         62        115      0.055      0.650      0.805      0.729      0.808 
41      1.242       8286       1973         62        115      0.055      0.650      0.805      0.729      0.810 
42     1.2285       8286       1973         62        115      0.055      0.650      0.805      0.729      0.812 
43     1.2242       8286       1973         62        115      0.055      0.650      0.805      0.729      0.813 
44     1.2212       8287       1972         61        116      0.056      0.655      0.805      0.732      0.815 
45     1.2224       8287       1972         61        116      0.056      0.655      0.805      0.732      0.817 
46     1.2065       8288       1971         60        117      0.056      0.661      0.805      0.734      0.818 
47     1.2146       8289       1970         59        118      0.057      0.667      0.806      0.737      0.820 
48     1.2036       8292       1967         56        121      0.058      0.684      0.806      0.746      0.821 
49     1.1991       8293       1966         55        122      0.058      0.689      0.806      0.749      0.823 
50     1.2002       8296       1963         52        125      0.060      0.706      0.807      0.757      0.824 
51       1.19       8296       1963         52        125      0.060      0.706      0.807      0.757      0.826 
52     1.1923       8297       1962         51        126      0.060      0.712      0.807      0.760      0.828 
53      1.193       8297       1962         51        126      0.060      0.712      0.807      0.760      0.829 
54     1.1771       8297       1962         51        126      0.060      0.712      0.807      0.760      0.830 
55     1.1697       8297       1962         51        126      0.060      0.712      0.807      0.760      0.832 
56     1.1712       8297       1962         51        126      0.060      0.712      0.807      0.760      0.833 
57     1.1726       8297       1962         51        126      0.060      0.712      0.807      0.760      0.834 
58     1.1687       8297       1962         51        126      0.060      0.712      0.807      0.760      0.835 
59     1.1695       8297       1962         51        126      0.060      0.712      0.807      0.760      0.835 
60     1.1563       8297       1962         51        126      0.060      0.712      0.807      0.760      0.836 
61     1.1617       8298       1961         50        127      0.061      0.718      0.807      0.763      0.837 
62     1.1468       8298       1961         50        127      0.061      0.718      0.807      0.763      0.838 
63     1.1433       8298       1961         50        127      0.061      0.718      0.807      0.763      0.838 
64      1.147       8298       1961         50        127      0.061      0.718      0.807      0.763      0.839 
65     1.1437       8298       1961         50        127      0.061      0.718      0.807      0.763      0.839 
66     1.1377       8298       1961         50        127      0.061      0.718      0.807      0.763      0.840 
67       1.13       8298       1961         50        127      0.061      0.718      0.807      0.763      0.840 
68     1.1303       8299       1960         49        128      0.061      0.723      0.807      0.766      0.841 
69     1.1249       8300       1959         48        129      0.062      0.729      0.808      0.769      0.841 
70     1.1212       8300       1959         48        129      0.062      0.729      0.808      0.769      0.842 
71     1.1214       8300       1959         48        129      0.062      0.729      0.808      0.769      0.842 
72     1.1189       8300       1959         48        129      0.062      0.729      0.808      0.769      0.842 
73     1.1203       8300       1959         48        129      0.062      0.729      0.808      0.769      0.843 
74     1.1165       8300       1959         48        129      0.062      0.729      0.808      0.769      0.843 
75     1.1093       8300       1959         48        129      0.062      0.729      0.808      0.769      0.844 
76     1.1003       8300       1959         48        129      0.062      0.729      0.808      0.769      0.844 
77     1.1059       8300       1959         48        129      0.062      0.729      0.808      0.769      0.844 
78     1.1037       8300       1959         48        129      0.062      0.729      0.808      0.769      0.845 
79     1.0962       8300       1959         48        129      0.062      0.729      0.808      0.769      0.845 
80     1.0903       8299       1960         49        128      0.061      0.723      0.807      0.766      0.845 
81     1.0951       8300       1959         48        129      0.062      0.729      0.808      0.769      0.845 
82     1.0886       8301       1958         47        130      0.062      0.734      0.808      0.772      0.845 
83     1.0814       8301       1958         47        130      0.062      0.734      0.808      0.772      0.846 
84     1.0898       8301       1958         47        130      0.062      0.734      0.808      0.772      0.846 
85     1.0821       8301       1958         47        130      0.062      0.734      0.808      0.772      0.846 
86     1.0658       8302       1957         46        131      0.063      0.740      0.808      0.775      0.846 
87     1.0671       8303       1956         45        132      0.063      0.746      0.808      0.778      0.846 
88     1.0794       8303       1956         45        132      0.063      0.746      0.808      0.778      0.847 
89      1.068       8303       1956         45        132      0.063      0.746      0.808      0.778      0.847 
90     1.0661       8303       1956         45        132      0.063      0.746      0.808      0.778      0.847 
91     1.0583       8303       1956         45        132      0.063      0.746      0.808      0.778      0.847 
92     1.0544       8303       1956         45        132      0.063      0.746      0.808      0.778      0.848 
93     1.0583       8303       1956         45        132      0.063      0.746      0.808      0.778      0.848 
94     1.0627       8303       1956         45        132      0.063      0.746      0.808      0.778      0.848 
95      1.053       8303       1956         45        132      0.063      0.746      0.808      0.778      0.848 
96     1.0523       8303       1956         45        132      0.063      0.746      0.808      0.778      0.848 
97     1.0575       8303       1956         45        132      0.063      0.746      0.808      0.778      0.848 
98     1.0477       8303       1956         45        132      0.063      0.746      0.808      0.778      0.848 
99     1.0493       8303       1956         45        132      0.063      0.746      0.808      0.778      0.848 
100     1.0519       8303       1956         45        132      0.063      0.746      0.808      0.778      0.848 
101      1.048       8303       1956         45        132      0.063      0.746      0.808      0.778      0.848 
102     1.0332       8303       1956         45        132      0.063      0.746      0.808      0.778      0.848 
103     1.0425       8303       1956         45        132      0.063      0.746      0.808      0.778      0.849 
104     1.0327       8303       1956         45        132      0.063      0.746      0.808      0.778      0.849 
105     1.0335       8303       1956         45        132      0.063      0.746      0.808      0.778      0.849 
106     1.0315       8303       1956         45        132      0.063      0.746      0.808      0.778      0.849 
107     1.0244       8303       1956         45        132      0.063      0.746      0.808      0.778      0.849 
108     1.0297       8303       1956         45        132      0.063      0.746      0.808      0.778      0.849 
109      1.023       8303       1956         45        132      0.063      0.746      0.808      0.778      0.849 
110     1.0255       8303       1956         45        132      0.063      0.746      0.808      0.778      0.849 
111     1.0199       8303       1956         45        132      0.063      0.746      0.808      0.778      0.849 
112     1.0223       8303       1956         45        132      0.063      0.746      0.808      0.778      0.849 
113     1.0203       8303       1956         45        132      0.063      0.746      0.808      0.778      0.849 
114     1.0067       8303       1956         45        132      0.063      0.746      0.808      0.778      0.849 
115     1.0169       8303       1956         45        132      0.063      0.746      0.808      0.778      0.849 
116     1.0246       8303       1956         45        132      0.063      0.746      0.808      0.778      0.849 
117     1.0204       8303       1956         45        132      0.063      0.746      0.808      0.778      0.849 
118     1.0105       8303       1956         45        132      0.063      0.746      0.808      0.778      0.849 
119     1.0064       8303       1956         45        132      0.063      0.746      0.808      0.778      0.849 
120     1.0113       8303       1956         45        132      0.063      0.746      0.808      0.778      0.849 
121     1.0061       8304       1955         44        133      0.064      0.751      0.808      0.780      0.849 
122     1.0118       8303       1956         45        132      0.063      0.746      0.808      0.778      0.849 
123     1.0162       8303       1956         45        132      0.063      0.746      0.808      0.778      0.849 
124    0.99786       8303       1956         45        132      0.063      0.746      0.808      0.778      0.849 
125    0.99824       8303       1956         45        132      0.063      0.746      0.808      0.778      0.849 
126     1.0014       8304       1955         44        133      0.064      0.751      0.808      0.780      0.849 
127    0.99867       8303       1956         45        132      0.063      0.746      0.808      0.778      0.849 
128     1.0058       8303       1956         45        132      0.063      0.746      0.808      0.778      0.849 
129    0.98514       8304       1955         44        133      0.064      0.751      0.808      0.780      0.849 
130          1       8304       1955         44        133      0.064      0.751      0.808      0.780      0.849 
131    0.99783       8304       1955         44        133      0.064      0.751      0.808      0.780      0.849 
132    0.99263       8304       1955         44        133      0.064      0.751      0.808      0.780      0.849 
133     1.0059       8305       1954         43        134      0.064      0.757      0.809      0.783      0.849 
134    0.99454       8305       1954         43        134      0.064      0.757      0.809      0.783      0.849 
135    0.99716       8305       1954         43        134      0.064      0.757      0.809      0.783      0.849 
136    0.99263       8304       1955         44        133      0.064      0.751      0.808      0.780      0.849 
137      0.993       8304       1955         44        133      0.064      0.751      0.808      0.780      0.850 
138    0.99218       8304       1955         44        133      0.064      0.751      0.808      0.780      0.850 
139    0.99817       8304       1955         44        133      0.064      0.751      0.808      0.780      0.849 
140    0.99191       8305       1954         43        134      0.064      0.757      0.809      0.783      0.849 
141    0.99344       8305       1954         43        134      0.064      0.757      0.809      0.783      0.849 
142    0.97735       8305       1954         43        134      0.064      0.757      0.809      0.783      0.849 
143    0.98831       8305       1954         43        134      0.064      0.757      0.809      0.783      0.849 
144    0.98281       8305       1954         43        134      0.064      0.757      0.809      0.783      0.849 
145    0.99003       8305       1954         43        134      0.064      0.757      0.809      0.783      0.849 
146    0.98668       8305       1954         43        134      0.064      0.757      0.809      0.783      0.849 
147    0.98626       8305       1954         43        134      0.064      0.757      0.809      0.783      0.849 
148    0.98397       8304       1955         44        133      0.064      0.751      0.808      0.780      0.849 
149    0.97184       8304       1955         44        133      0.064      0.751      0.808      0.780      0.850 
150    0.96856       8305       1954         43        134      0.064      0.757      0.809      0.783      0.849 
151    0.98335       8305       1954         43        134      0.064      0.757      0.809      0.783      0.849 
152     0.9687       8305       1954         43        134      0.064      0.757      0.809      0.783      0.849 
153    0.97784       8305       1954         43        134      0.064      0.757      0.809      0.783      0.849 
154    0.97624       8305       1954         43        134      0.064      0.757      0.809      0.783      0.849 
155    0.98244       8305       1954         43        134      0.064      0.757      0.809      0.783      0.849 
156    0.97429       8305       1954         43        134      0.064      0.757      0.809      0.783      0.849 
157    0.98308       8305       1954         43        134      0.064      0.757      0.809      0.783      0.849 
158    0.98743       8305       1954         43        134      0.064      0.757      0.809      0.783      0.849 
159    0.98226       8304       1955         44        133      0.064      0.751      0.808      0.780      0.849 
160    0.98561       8304       1955         44        133      0.064      0.751      0.808      0.780      0.849 
161    0.97212       8304       1955         44        133      0.064      0.751      0.808      0.780      0.849 
162     0.9907       8304       1955         44        133      0.064      0.751      0.808      0.780      0.849 
163    0.97665       8304       1955         44        133      0.064      0.751      0.808      0.780      0.849 
164    0.97109       8304       1955         44        133      0.064      0.751      0.808      0.780      0.849 
165     0.9725       8305       1954         43        134      0.064      0.757      0.809      0.783      0.849 
166    0.97425       8305       1954         43        134      0.064      0.757      0.809      0.783      0.849 
167    0.96434       8305       1954         43        134      0.064      0.757      0.809      0.783      0.849 
168    0.97518       8305       1954         43        134      0.064      0.757      0.809      0.783      0.849 
169    0.96516       8304       1955         44        133      0.064      0.751      0.808      0.780      0.849 
170    0.97543       8304       1955         44        133      0.064      0.751      0.808      0.780      0.849 
171    0.97373       8304       1955         44        133      0.064      0.751      0.808      0.780      0.849 
172    0.98414       8304       1955         44        133      0.064      0.751      0.808      0.780      0.850 
173    0.97105       8304       1955         44        133      0.064      0.751      0.808      0.780      0.850 
174     0.9747       8304       1955         44        133      0.064      0.751      0.808      0.780      0.850 
175    0.97079       8304       1955         44        133      0.064      0.751      0.808      0.780      0.849 
176    0.95691       8304       1955         44        133      0.064      0.751      0.808      0.780      0.849 
177    0.97448       8305       1954         43        134      0.064      0.757      0.809      0.783      0.849 
178     0.9746       8305       1954         43        134      0.064      0.757      0.809      0.783      0.849 
179     0.9633       8305       1954         43        134      0.064      0.757      0.809      0.783      0.849 
180    0.97111       8304       1955         44        133      0.064      0.751      0.808      0.780      0.849 
181    0.96421       8304       1955         44        133      0.064      0.751      0.808      0.780      0.849 
182    0.96421       8304       1955         44        133      0.064      0.751      0.808      0.780      0.850 
183    0.95934       8304       1955         44        133      0.064      0.751      0.808      0.780      0.850 
184    0.96286       8304       1955         44        133      0.064      0.751      0.808      0.780      0.850 
185    0.96054       8304       1955         44        133      0.064      0.751      0.808      0.780      0.849 
186    0.97057       8304       1955         44        133      0.064      0.751      0.808      0.780      0.849 
187    0.96294       8304       1955         44        133      0.064      0.751      0.808      0.780      0.849 
188    0.96989       8304       1955         44        133      0.064      0.751      0.808      0.780      0.849 
189    0.96958       8304       1955         44        133      0.064      0.751      0.808      0.780      0.850 
190    0.96021       8304       1955         44        133      0.064      0.751      0.808      0.780      0.850 
191     0.9596       8304       1955         44        133      0.064      0.751      0.808      0.780      0.850 
192    0.95643       8304       1955         44        133      0.064      0.751      0.808      0.780      0.850 
193     0.9741       8304       1955         44        133      0.064      0.751      0.808      0.780      0.850 
194    0.95839       8304       1955         44        133      0.064      0.751      0.808      0.780      0.850 
195    0.96247       8304       1955         44        133      0.064      0.751      0.808      0.780      0.850 
196    0.96086       8304       1955         44        133      0.064      0.751      0.808      0.780      0.850 
197    0.96046       8304       1955         44        133      0.064      0.751      0.808      0.780      0.850 
198    0.96758       8304       1955         44        133      0.064      0.751      0.808      0.780      0.850 
199    0.97324       8304       1955         44        133      0.064      0.751      0.808      0.780      0.850 
200    0.97223       8304       1955         44        133      0.064      0.751      0.808      0.780      0.850 
201    0.95776       8304       1955         44        133      0.064      0.751      0.808      0.780      0.850 
202    0.96687       8304       1955         44        133      0.064      0.751      0.808      0.780      0.850 
203    0.97031       8304       1955         44        133      0.064      0.751      0.808      0.780      0.850 
204    0.96424       8304       1955         44        133      0.064      0.751      0.808      0.780      0.850 
205     0.9636       8304       1955         44        133      0.064      0.751      0.808      0.780      0.850 
206    0.95132       8304       1955         44        133      0.064      0.751      0.808      0.780      0.850 
207    0.95932       8304       1955         44        133      0.064      0.751      0.808      0.780      0.850 
208    0.95432       8304       1955         44        133      0.064      0.751      0.808      0.780      0.850 
209    0.96315       8304       1955         44        133      0.064      0.751      0.808      0.780      0.850 
210    0.96682       8304       1955         44        133      0.064      0.751      0.808      0.780      0.850 
211    0.94836       8304       1955         44        133      0.064      0.751      0.808      0.780      0.850 
212    0.96848       8305       1954         43        134      0.064      0.757      0.809      0.783      0.850 
213    0.95067       8305       1954         43        134      0.064      0.757      0.809      0.783      0.850 
214    0.95672       8305       1954         43        134      0.064      0.757      0.809      0.783      0.850 
215    0.94251       8304       1955         44        133      0.064      0.751      0.808      0.780      0.850 
216    0.96352       8304       1955         44        133      0.064      0.751      0.808      0.780      0.850 
217    0.95826       8304       1955         44        133      0.064      0.751      0.808      0.780      0.850 
218    0.94101       8304       1955         44        133      0.064      0.751      0.808      0.780      0.850 
219    0.95702       8304       1955         44        133      0.064      0.751      0.808      0.780      0.850 
220    0.95979       8304       1955         44        133      0.064      0.751      0.808      0.780      0.850 
221    0.94264       8305       1954         43        134      0.064      0.757      0.809      0.783      0.851 
222    0.95188       8305       1954         43        134      0.064      0.757      0.809      0.783      0.851 
223    0.95767       8305       1954         43        134      0.064      0.757      0.809      0.783      0.851 
224    0.94237       8305       1954         43        134      0.064      0.757      0.809      0.783      0.851 
225    0.95436       8304       1955         44        133      0.064      0.751      0.808      0.780      0.851 
226    0.95616       8304       1955         44        133      0.064      0.751      0.808      0.780      0.850 
227    0.96547       8305       1954         43        134      0.064      0.757      0.809      0.783      0.851 
228    0.94794       8305       1954         43        134      0.064      0.757      0.809      0.783      0.851 
229    0.95852       8305       1954         43        134      0.064      0.757      0.809      0.783      0.851 
230     0.9528       8305       1954         43        134      0.064      0.757      0.809      0.783      0.851 
231    0.95195       8305       1954         43        134      0.064      0.757      0.809      0.783      0.851 
232    0.96198       8305       1954         43        134      0.064      0.757      0.809      0.783      0.851 
233    0.95224       8305       1954         43        134      0.064      0.757      0.809      0.783      0.851 
234     0.9492       8304       1955         44        133      0.064      0.751      0.808      0.780      0.851 
235    0.94718       8304       1955         44        133      0.064      0.751      0.808      0.780      0.851 
236    0.95968       8304       1955         44        133      0.064      0.751      0.808      0.780      0.851 
237    0.94904       8304       1955         44        133      0.064      0.751      0.808      0.780      0.851 
238    0.94925       8304       1955         44        133      0.064      0.751      0.808      0.780      0.851 
239    0.95711       8303       1956         45        132      0.063      0.746      0.808      0.778      0.851 
240     0.9479       8303       1956         45        132      0.063      0.746      0.808      0.778      0.851 
241    0.94751       8303       1956         45        132      0.063      0.746      0.808      0.778      0.851 
242     0.9504       8303       1956         45        132      0.063      0.746      0.808      0.778      0.851 
243    0.95725       8304       1955         44        133      0.064      0.751      0.808      0.780      0.851 
244    0.95422       8304       1955         44        133      0.064      0.751      0.808      0.780      0.851 
245    0.94323       8304       1955         44        133      0.064      0.751      0.808      0.780      0.851 
246    0.96032       8304       1955         44        133      0.064      0.751      0.808      0.780      0.851 
247    0.94235       8304       1955         44        133      0.064      0.751      0.808      0.780      0.851 
248     0.9472       8303       1956         45        132      0.063      0.746      0.808      0.778      0.851 
249    0.95353       8303       1956         45        132      0.063      0.746      0.808      0.778      0.852 
250    0.95652       8304       1955         44        133      0.064      0.751      0.808      0.780      0.852 
251    0.96243       8303       1956         45        132      0.063      0.746      0.808      0.778      0.852 
252    0.95412       8303       1956         45        132      0.063      0.746      0.808      0.778      0.852 
253     0.9471       8303       1956         45        132      0.063      0.746      0.808      0.778      0.852 
254    0.95051       8303       1956         45        132      0.063      0.746      0.808      0.778      0.852 
255     0.9442       8303       1956         45        132      0.063      0.746      0.808      0.778      0.852 
256    0.95221       8304       1955         44        133      0.064      0.751      0.808      0.780      0.852 
257    0.95636       8304       1955         44        133      0.064      0.751      0.808      0.780      0.852 
258    0.95861       8304       1955         44        133      0.064      0.751      0.808      0.780      0.852 
259    0.94793       8303       1956         45        132      0.063      0.746      0.808      0.778      0.852 
260      0.942       8303       1956         45        132      0.063      0.746      0.808      0.778      0.852 
261    0.94164       8303       1956         45        132      0.063      0.746      0.808      0.778      0.852 
262    0.95976       8303       1956         45        132      0.063      0.746      0.808      0.778      0.852 
263    0.93507       8303       1956         45        132      0.063      0.746      0.808      0.778      0.852 
264    0.94558       8303       1956         45        132      0.063      0.746      0.808      0.778      0.852 
265    0.94918       8303       1956         45        132      0.063      0.746      0.808      0.778      0.852 
266    0.95207       8303       1956         45        132      0.063      0.746      0.808      0.778      0.852 
267    0.95221       8303       1956         45        132      0.063      0.746      0.808      0.778      0.852 
268    0.94864       8303       1956         45        132      0.063      0.746      0.808      0.778      0.852 
269     0.9432       8303       1956         45        132      0.063      0.746      0.808      0.778      0.852 
270    0.94709       8303       1956         45        132      0.063      0.746      0.808      0.778      0.852 
271    0.94824       8303       1956         45        132      0.063      0.746      0.808      0.778      0.852 
272    0.92796       8303       1956         45        132      0.063      0.746      0.808      0.778      0.852 
273    0.93673       8303       1956         45        132      0.063      0.746      0.808      0.778      0.852 
274    0.94521       8303       1956         45        132      0.063      0.746      0.808      0.778      0.852 
275     0.9549       8303       1956         45        132      0.063      0.746      0.808      0.778      0.852 
276    0.94831       8303       1956         45        132      0.063      0.746      0.808      0.778      0.852 
277    0.93369       8303       1956         45        132      0.063      0.746      0.808      0.778      0.852 
278    0.93023       8303       1956         45        132      0.063      0.746      0.808      0.778      0.852 
279    0.94993       8303       1956         45        132      0.063      0.746      0.808      0.778      0.853 
280    0.95641       8303       1956         45        132      0.063      0.746      0.808      0.778      0.853 
281    0.94278       8303       1956         45        132      0.063      0.746      0.808      0.778      0.853 
282    0.93553       8303       1956         45        132      0.063      0.746      0.808      0.778      0.853 
283    0.95162       8303       1956         45        132      0.063      0.746      0.808      0.778      0.853 
284    0.93588       8303       1956         45        132      0.063      0.746      0.808      0.778      0.853 
285    0.93285       8303       1956         45        132      0.063      0.746      0.808      0.778      0.853 
286     0.9509       8303       1956         45        132      0.063      0.746      0.808      0.778      0.853 
287    0.93746       8303       1956         45        132      0.063      0.746      0.808      0.778      0.853 
288    0.94057       8303       1956         45        132      0.063      0.746      0.808      0.778      0.853 
289    0.93621       8303       1956         45        132      0.063      0.746      0.808      0.778      0.853 
290    0.94032       8303       1956         45        132      0.063      0.746      0.808      0.778      0.853 
291    0.93441       8302       1957         46        131      0.063      0.740      0.808      0.775      0.853 
292    0.94316       8302       1957         46        131      0.063      0.740      0.808      0.775      0.853 
293    0.93525       8302       1957         46        131      0.063      0.740      0.808      0.775      0.853 
294    0.94756       8302       1957         46        131      0.063      0.740      0.808      0.775      0.853 
295    0.94632       8302       1957         46        131      0.063      0.740      0.808      0.775      0.853 
296     0.9371       8302       1957         46        131      0.063      0.740      0.808      0.775      0.853 
297    0.95054       8302       1957         46        131      0.063      0.740      0.808      0.775      0.853 
298    0.92407       8302       1957         46        131      0.063      0.740      0.808      0.775      0.853 
299    0.93171       8302       1957         46        131      0.063      0.740      0.808      0.775      0.853 
300    0.93767       8302       1957         46        131      0.063      0.740      0.808      0.775      0.853 
