# Number of nodes=10436; Number of edges=824342; Number of node features=5; Model: hgcn.
epoch       loss         tn         fp         fn         tp       prec        rec        acc       bacc        auc 
1     1.3463       6626       1581         52         89      0.053      0.631      0.804      0.719      0.804 
2     1.3039       6628       1579         50         91      0.054      0.645      0.805      0.726      0.816 
3     1.2804       6633       1574         45         96      0.057      0.681      0.806      0.745      0.825 
4     1.2427       6634       1573         44         97      0.058      0.688      0.806      0.748      0.830 
5     1.2155       6636       1571         42         99      0.059      0.702      0.807      0.755      0.831 
6     1.1995       6636       1571         42         99      0.059      0.702      0.807      0.755      0.834 
7     1.1776       6637       1570         41        100      0.060      0.709      0.807      0.759      0.836 
8     1.1355       6638       1569         40        101      0.060      0.716      0.807      0.763      0.836 
9     1.1103       6637       1570         41        100      0.060      0.709      0.807      0.759      0.834 
10      1.081       6639       1568         39        102      0.061      0.723      0.807      0.766      0.834 
11      1.041       6639       1568         39        102      0.061      0.723      0.807      0.766      0.836 
12     1.0399       6639       1568         39        102      0.061      0.723      0.807      0.766      0.838 
13      1.027       6641       1566         37        104      0.062      0.738      0.808      0.773      0.836 
14     1.0114       6641       1566         37        104      0.062      0.738      0.808      0.773      0.838 
15     0.9949       6642       1565         36        105      0.063      0.745      0.808      0.777      0.842 
16     1.0018       6642       1565         36        105      0.063      0.745      0.808      0.777      0.843 
17     1.0039       6642       1565         36        105      0.063      0.745      0.808      0.777      0.846 
18     1.0103       6642       1565         36        105      0.063      0.745      0.808      0.777      0.847 
19    0.98773       6642       1565         36        105      0.063      0.745      0.808      0.777      0.848 
20    0.98153       6642       1565         36        105      0.063      0.745      0.808      0.777      0.850 
21    0.99225       6640       1567         38        103      0.062      0.730      0.808      0.770      0.850 
22    0.95582       6639       1568         39        102      0.061      0.723      0.807      0.766      0.851 
23    0.97585       6636       1571         42         99      0.059      0.702      0.807      0.755      0.851 
24    0.96557       6636       1571         42         99      0.059      0.702      0.807      0.755      0.851 
25    0.95672       6637       1570         41        100      0.060      0.709      0.807      0.759      0.852 
26    0.95972       6635       1572         43         98      0.059      0.695      0.807      0.752      0.852 
27    0.98034       6637       1570         41        100      0.060      0.709      0.807      0.759      0.853 
28    0.97086       6638       1569         40        101      0.060      0.716      0.807      0.763      0.853 
29    0.96716       6639       1568         39        102      0.061      0.723      0.807      0.766      0.854 
30    0.95527       6639       1568         39        102      0.061      0.723      0.807      0.766      0.854 
31    0.95867       6640       1567         38        103      0.062      0.730      0.808      0.770      0.855 
32    0.94196       6640       1567         38        103      0.062      0.730      0.808      0.770      0.855 
33      0.956       6641       1566         37        104      0.062      0.738      0.808      0.773      0.855 
34    0.93473       6642       1565         36        105      0.063      0.745      0.808      0.777      0.856 
35    0.94458       6642       1565         36        105      0.063      0.745      0.808      0.777      0.856 
36    0.94494       6643       1564         35        106      0.063      0.752      0.808      0.781      0.856 
37    0.93443       6643       1564         35        106      0.063      0.752      0.808      0.781      0.856 
38    0.91597       6643       1564         35        106      0.063      0.752      0.808      0.781      0.857 
39    0.95236       6642       1565         36        105      0.063      0.745      0.808      0.777      0.857 
40    0.94843       6643       1564         35        106      0.063      0.752      0.808      0.781      0.858 
41    0.92921       6643       1564         35        106      0.063      0.752      0.808      0.781      0.858 
42    0.92741       6642       1565         36        105      0.063      0.745      0.808      0.777      0.858 
43    0.93265       6642       1565         36        105      0.063      0.745      0.808      0.777      0.858 
44    0.93117       6642       1565         36        105      0.063      0.745      0.808      0.777      0.859 
45    0.92861       6641       1566         37        104      0.062      0.738      0.808      0.773      0.859 
46    0.93751       6641       1566         37        104      0.062      0.738      0.808      0.773      0.859 
47    0.91607       6641       1566         37        104      0.062      0.738      0.808      0.773      0.860 
48    0.92214       6641       1566         37        104      0.062      0.738      0.808      0.773      0.860 
49    0.93067       6642       1565         36        105      0.063      0.745      0.808      0.777      0.860 
50    0.93032       6642       1565         36        105      0.063      0.745      0.808      0.777      0.860 
51    0.91835       6643       1564         35        106      0.063      0.752      0.808      0.781      0.861 
52    0.95789       6642       1565         36        105      0.063      0.745      0.808      0.777      0.861 
53    0.93165       6642       1565         36        105      0.063      0.745      0.808      0.777      0.861 
54     0.9351       6642       1565         36        105      0.063      0.745      0.808      0.777      0.862 
55    0.91945       6643       1564         35        106      0.063      0.752      0.808      0.781      0.863 
56    0.94733       6642       1565         36        105      0.063      0.745      0.808      0.777      0.863 
57    0.92234       6641       1566         37        104      0.062      0.738      0.808      0.773      0.863 
58    0.92837       6641       1566         37        104      0.062      0.738      0.808      0.773      0.864 
59    0.91602       6641       1566         37        104      0.062      0.738      0.808      0.773      0.864 
60    0.94242       6641       1566         37        104      0.062      0.738      0.808      0.773      0.864 
61     0.9033       6641       1566         37        104      0.062      0.738      0.808      0.773      0.864 
62     0.9241       6641       1566         37        104      0.062      0.738      0.808      0.773      0.865 
63    0.89693       6643       1564         35        106      0.063      0.752      0.808      0.781      0.865 
64    0.91916       6643       1564         35        106      0.063      0.752      0.808      0.781      0.865 
65    0.93501       6643       1564         35        106      0.063      0.752      0.808      0.781      0.865 
66    0.90971       6644       1563         34        107      0.064      0.759      0.809      0.784      0.865 
67     0.9204       6645       1562         33        108      0.065      0.766      0.809      0.788      0.866 
68    0.92238       6645       1562         33        108      0.065      0.766      0.809      0.788      0.866 
69    0.88767       6643       1564         35        106      0.063      0.752      0.808      0.781      0.866 
70    0.93144       6643       1564         35        106      0.063      0.752      0.808      0.781      0.867 
71    0.93811       6643       1564         35        106      0.063      0.752      0.808      0.781      0.867 
72    0.89049       6644       1563         34        107      0.064      0.759      0.809      0.784      0.868 
73    0.90245       6643       1564         35        106      0.063      0.752      0.808      0.781      0.868 
74    0.90778       6644       1563         34        107      0.064      0.759      0.809      0.784      0.868 
75    0.89996       6644       1563         34        107      0.064      0.759      0.809      0.784      0.868 
76    0.90618       6646       1561         32        109      0.065      0.773      0.809      0.791      0.869 
77    0.89636       6646       1561         32        109      0.065      0.773      0.809      0.791      0.869 
78    0.92235       6645       1562         33        108      0.065      0.766      0.809      0.788      0.869 
79    0.90804       6645       1562         33        108      0.065      0.766      0.809      0.788      0.869 
80    0.91385       6646       1561         32        109      0.065      0.773      0.809      0.791      0.870 
81    0.90007       6646       1561         32        109      0.065      0.773      0.809      0.791      0.870 
82    0.91335       6645       1562         33        108      0.065      0.766      0.809      0.788      0.870 
83    0.89327       6645       1562         33        108      0.065      0.766      0.809      0.788      0.870 
84    0.91298       6646       1561         32        109      0.065      0.773      0.809      0.791      0.870 
85    0.90043       6646       1561         32        109      0.065      0.773      0.809      0.791      0.871 
86    0.91059       6646       1561         32        109      0.065      0.773      0.809      0.791      0.871 
87    0.89373       6646       1561         32        109      0.065      0.773      0.809      0.791      0.871 
88    0.91039       6647       1560         31        110      0.066      0.780      0.809      0.795      0.871 
89     0.8884       6647       1560         31        110      0.066      0.780      0.809      0.795      0.872 
90    0.90697       6647       1560         31        110      0.066      0.780      0.809      0.795      0.872 
91    0.89702       6646       1561         32        109      0.065      0.773      0.809      0.791      0.872 
92     0.8903       6645       1562         33        108      0.065      0.766      0.809      0.788      0.872 
93    0.90202       6645       1562         33        108      0.065      0.766      0.809      0.788      0.872 
94    0.89409       6645       1562         33        108      0.065      0.766      0.809      0.788      0.873 
95    0.89119       6645       1562         33        108      0.065      0.766      0.809      0.788      0.873 
96    0.91937       6646       1561         32        109      0.065      0.773      0.809      0.791      0.873 
97    0.90678       6645       1562         33        108      0.065      0.766      0.809      0.788      0.873 
98    0.90384       6646       1561         32        109      0.065      0.773      0.809      0.791      0.873 
99    0.91558       6646       1561         32        109      0.065      0.773      0.809      0.791      0.873 
100    0.91546       6646       1561         32        109      0.065      0.773      0.809      0.791      0.874 
101    0.89926       6646       1561         32        109      0.065      0.773      0.809      0.791      0.874 
102    0.91487       6646       1561         32        109      0.065      0.773      0.809      0.791      0.874 
103    0.91225       6646       1561         32        109      0.065      0.773      0.809      0.791      0.874 
104    0.89789       6645       1562         33        108      0.065      0.766      0.809      0.788      0.874 
105    0.89918       6645       1562         33        108      0.065      0.766      0.809      0.788      0.874 
106    0.90378       6645       1562         33        108      0.065      0.766      0.809      0.788      0.874 
107    0.87861       6645       1562         33        108      0.065      0.766      0.809      0.788      0.874 
108     0.8975       6646       1561         32        109      0.065      0.773      0.809      0.791      0.874 
109    0.90592       6646       1561         32        109      0.065      0.773      0.809      0.791      0.874 
110    0.88748       6647       1560         31        110      0.066      0.780      0.809      0.795      0.874 
111    0.91149       6647       1560         31        110      0.066      0.780      0.809      0.795      0.874 
112    0.88845       6647       1560         31        110      0.066      0.780      0.809      0.795      0.874 
113    0.87994       6645       1562         33        108      0.065      0.766      0.809      0.788      0.874 
114    0.89476       6645       1562         33        108      0.065      0.766      0.809      0.788      0.874 
115    0.88796       6645       1562         33        108      0.065      0.766      0.809      0.788      0.874 
116    0.89566       6645       1562         33        108      0.065      0.766      0.809      0.788      0.874 
117    0.90956       6646       1561         32        109      0.065      0.773      0.809      0.791      0.875 
118    0.89605       6646       1561         32        109      0.065      0.773      0.809      0.791      0.874 
119    0.88642       6646       1561         32        109      0.065      0.773      0.809      0.791      0.874 
120     0.8978       6647       1560         31        110      0.066      0.780      0.809      0.795      0.875 
121    0.89644       6646       1561         32        109      0.065      0.773      0.809      0.791      0.875 
122    0.89378       6646       1561         32        109      0.065      0.773      0.809      0.791      0.875 
123    0.88867       6646       1561         32        109      0.065      0.773      0.809      0.791      0.875 
124    0.90546       6646       1561         32        109      0.065      0.773      0.809      0.791      0.875 
125     0.8929       6646       1561         32        109      0.065      0.773      0.809      0.791      0.876 
126    0.89871       6646       1561         32        109      0.065      0.773      0.809      0.791      0.876 
127    0.88558       6647       1560         31        110      0.066      0.780      0.809      0.795      0.875 
128    0.88829       6647       1560         31        110      0.066      0.780      0.809      0.795      0.876 
129    0.86613       6647       1560         31        110      0.066      0.780      0.809      0.795      0.876 
130    0.88957       6647       1560         31        110      0.066      0.780      0.809      0.795      0.876 
131    0.88667       6646       1561         32        109      0.065      0.773      0.809      0.791      0.875 
132    0.88973       6645       1562         33        108      0.065      0.766      0.809      0.788      0.875 
133    0.90044       6645       1562         33        108      0.065      0.766      0.809      0.788      0.876 
134    0.90541       6645       1562         33        108      0.065      0.766      0.809      0.788      0.877 
135    0.91118       6647       1560         31        110      0.066      0.780      0.809      0.795      0.876 
136    0.90386       6647       1560         31        110      0.066      0.780      0.809      0.795      0.876 
137     0.8819       6647       1560         31        110      0.066      0.780      0.809      0.795      0.877 
138    0.88252       6647       1560         31        110      0.066      0.780      0.809      0.795      0.878 
139    0.88505       6648       1559         30        111      0.066      0.787      0.810      0.799      0.878 
140    0.88849       6647       1560         31        110      0.066      0.780      0.809      0.795      0.877 
141    0.89251       6647       1560         31        110      0.066      0.780      0.809      0.795      0.877 
142    0.88088       6648       1559         30        111      0.066      0.787      0.810      0.799      0.878 
143    0.89232       6647       1560         31        110      0.066      0.780      0.809      0.795      0.878 
144    0.89595       6648       1559         30        111      0.066      0.787      0.810      0.799      0.878 
145    0.89156       6647       1560         31        110      0.066      0.780      0.809      0.795      0.877 
146     0.8967       6647       1560         31        110      0.066      0.780      0.809      0.795      0.877 
147     0.8987       6646       1561         32        109      0.065      0.773      0.809      0.791      0.878 
148    0.90143       6646       1561         32        109      0.065      0.773      0.809      0.791      0.878 
149    0.87248       6647       1560         31        110      0.066      0.780      0.809      0.795      0.878 
150     0.8867       6647       1560         31        110      0.066      0.780      0.809      0.795      0.877 
151    0.87074       6647       1560         31        110      0.066      0.780      0.809      0.795      0.877 
152    0.88555       6647       1560         31        110      0.066      0.780      0.809      0.795      0.878 
153    0.88105       6647       1560         31        110      0.066      0.780      0.809      0.795      0.878 
154    0.87108       6647       1560         31        110      0.066      0.780      0.809      0.795      0.878 
155     0.8653       6646       1561         32        109      0.065      0.773      0.809      0.791      0.877 
156     0.8767       6647       1560         31        110      0.066      0.780      0.809      0.795      0.878 
157    0.87186       6648       1559         30        111      0.066      0.787      0.810      0.799      0.878 
158    0.89741       6648       1559         30        111      0.066      0.787      0.810      0.799      0.879 
159    0.87297       6648       1559         30        111      0.066      0.787      0.810      0.799      0.879 
160    0.88891       6647       1560         31        110      0.066      0.780      0.809      0.795      0.879 
161    0.92381       6648       1559         30        111      0.066      0.787      0.810      0.799      0.879 
162    0.88374       6647       1560         31        110      0.066      0.780      0.809      0.795      0.880 
163     0.8935       6647       1560         31        110      0.066      0.780      0.809      0.795      0.880 
164    0.87332       6648       1559         30        111      0.066      0.787      0.810      0.799      0.880 
165    0.86912       6648       1559         30        111      0.066      0.787      0.810      0.799      0.880 
166    0.87732       6648       1559         30        111      0.066      0.787      0.810      0.799      0.879 
167    0.90601       6648       1559         30        111      0.066      0.787      0.810      0.799      0.879 
168    0.88185       6646       1561         32        109      0.065      0.773      0.809      0.791      0.879 
169    0.86639       6646       1561         32        109      0.065      0.773      0.809      0.791      0.879 
170    0.86825       6647       1560         31        110      0.066      0.780      0.809      0.795      0.879 
171    0.88773       6648       1559         30        111      0.066      0.787      0.810      0.799      0.879 
172    0.87341       6648       1559         30        111      0.066      0.787      0.810      0.799      0.879 
173    0.87687       6648       1559         30        111      0.066      0.787      0.810      0.799      0.880 
174    0.87725       6648       1559         30        111      0.066      0.787      0.810      0.799      0.881 
175    0.90157       6648       1559         30        111      0.066      0.787      0.810      0.799      0.880 
176    0.88157       6648       1559         30        111      0.066      0.787      0.810      0.799      0.880 
177    0.86967       6648       1559         30        111      0.066      0.787      0.810      0.799      0.880 
178     0.8798       6648       1559         30        111      0.066      0.787      0.810      0.799      0.881 
179     0.8613       6649       1558         29        112      0.067      0.794      0.810      0.802      0.881 
180     0.8817       6649       1558         29        112      0.067      0.794      0.810      0.802      0.881 
181    0.87665       6649       1558         29        112      0.067      0.794      0.810      0.802      0.881 
182    0.87065       6648       1559         30        111      0.066      0.787      0.810      0.799      0.881 
183    0.88033       6648       1559         30        111      0.066      0.787      0.810      0.799      0.881 
184     0.8775       6648       1559         30        111      0.066      0.787      0.810      0.799      0.881 
185    0.88977       6648       1559         30        111      0.066      0.787      0.810      0.799      0.881 
186    0.86003       6647       1560         31        110      0.066      0.780      0.809      0.795      0.882 
187    0.88189       6647       1560         31        110      0.066      0.780      0.809      0.795      0.882 
188    0.88718       6647       1560         31        110      0.066      0.780      0.809      0.795      0.882 
189    0.89244       6647       1560         31        110      0.066      0.780      0.809      0.795      0.881 
190    0.86771       6647       1560         31        110      0.066      0.780      0.809      0.795      0.881 
191    0.87224       6647       1560         31        110      0.066      0.780      0.809      0.795      0.881 
192     0.8668       6647       1560         31        110      0.066      0.780      0.809      0.795      0.882 
193    0.86198       6648       1559         30        111      0.066      0.787      0.810      0.799      0.883 
194    0.85835       6650       1557         28        113      0.068      0.801      0.810      0.806      0.882 
195    0.86963       6649       1558         29        112      0.067      0.794      0.810      0.802      0.882 
196    0.87013       6649       1558         29        112      0.067      0.794      0.810      0.802      0.883 
197    0.87608       6649       1558         29        112      0.067      0.794      0.810      0.802      0.883 
198    0.88171       6647       1560         31        110      0.066      0.780      0.809      0.795      0.883 
199    0.86096       6647       1560         31        110      0.066      0.780      0.809      0.795      0.883 
200    0.87336       6648       1559         30        111      0.066      0.787      0.810      0.799      0.883 
201     0.8637       6649       1558         29        112      0.067      0.794      0.810      0.802      0.883 
202     0.8937       6650       1557         28        113      0.068      0.801      0.810      0.806      0.883 
203    0.87913       6650       1557         28        113      0.068      0.801      0.810      0.806      0.884 
204     0.8874       6650       1557         28        113      0.068      0.801      0.810      0.806      0.884 
205    0.87841       6650       1557         28        113      0.068      0.801      0.810      0.806      0.884 
206    0.85243       6650       1557         28        113      0.068      0.801      0.810      0.806      0.884 
207    0.86877       6650       1557         28        113      0.068      0.801      0.810      0.806      0.884 
208    0.85578       6650       1557         28        113      0.068      0.801      0.810      0.806      0.884 
209     0.8948       6649       1558         29        112      0.067      0.794      0.810      0.802      0.884 
210    0.85375       6649       1558         29        112      0.067      0.794      0.810      0.802      0.884 
211    0.85337       6649       1558         29        112      0.067      0.794      0.810      0.802      0.885 
212    0.86265       6649       1558         29        112      0.067      0.794      0.810      0.802      0.885 
213    0.85682       6649       1558         29        112      0.067      0.794      0.810      0.802      0.884 
214    0.86379       6649       1558         29        112      0.067      0.794      0.810      0.802      0.885 
215    0.87913       6650       1557         28        113      0.068      0.801      0.810      0.806      0.885 
216    0.84482       6649       1558         29        112      0.067      0.794      0.810      0.802      0.886 
217    0.86078       6649       1558         29        112      0.067      0.794      0.810      0.802      0.885 
218    0.87271       6649       1558         29        112      0.067      0.794      0.810      0.802      0.885 
219    0.88434       6649       1558         29        112      0.067      0.794      0.810      0.802      0.886 
220    0.86595       6651       1556         27        114      0.068      0.809      0.810      0.809      0.887 
221    0.86601       6648       1559         30        111      0.066      0.787      0.810      0.799      0.886 
222    0.86975       6648       1559         30        111      0.066      0.787      0.810      0.799      0.885 
223    0.85886       6649       1558         29        112      0.067      0.794      0.810      0.802      0.886 
224    0.86076       6651       1556         27        114      0.068      0.809      0.810      0.809      0.887 
225    0.86029       6649       1558         29        112      0.067      0.794      0.810      0.802      0.886 
226    0.85528       6650       1557         28        113      0.068      0.801      0.810      0.806      0.886 
227     0.8579       6651       1556         27        114      0.068      0.809      0.810      0.809      0.886 
228    0.84647       6651       1556         27        114      0.068      0.809      0.810      0.809      0.887 
229    0.85788       6651       1556         27        114      0.068      0.809      0.810      0.809      0.887 
230     0.8526       6648       1559         30        111      0.066      0.787      0.810      0.799      0.886 
231    0.88852       6648       1559         30        111      0.066      0.787      0.810      0.799      0.886 
232    0.85637       6651       1556         27        114      0.068      0.809      0.810      0.809      0.887 
233    0.85733       6651       1556         27        114      0.068      0.809      0.810      0.809      0.888 
234     0.8319       6650       1557         28        113      0.068      0.801      0.810      0.806      0.888 
235    0.86468       6651       1556         27        114      0.068      0.809      0.810      0.809      0.888 
236    0.86237       6651       1556         27        114      0.068      0.809      0.810      0.809      0.888 
237     0.8639       6651       1556         27        114      0.068      0.809      0.810      0.809      0.889 
238    0.84187       6651       1556         27        114      0.068      0.809      0.810      0.809      0.890 
239    0.83917       6651       1556         27        114      0.068      0.809      0.810      0.809      0.890 
240    0.84223       6651       1556         27        114      0.068      0.809      0.810      0.809      0.890 
241    0.84264       6649       1558         29        112      0.067      0.794      0.810      0.802      0.890 
242    0.83748       6648       1559         30        111      0.066      0.787      0.810      0.799      0.890 
243    0.86333       6650       1557         28        113      0.068      0.801      0.810      0.806      0.890 
244    0.85816       6651       1556         27        114      0.068      0.809      0.810      0.809      0.890 
245    0.86104       6651       1556         27        114      0.068      0.809      0.810      0.809      0.891 
246    0.85093       6651       1556         27        114      0.068      0.809      0.810      0.809      0.891 
247    0.85922       6651       1556         27        114      0.068      0.809      0.810      0.809      0.891 
248    0.84262       6651       1556         27        114      0.068      0.809      0.810      0.809      0.891 
249    0.85697       6651       1556         27        114      0.068      0.809      0.810      0.809      0.891 
250     0.8451       6651       1556         27        114      0.068      0.809      0.810      0.809      0.892 
251    0.86287       6652       1555         26        115      0.069      0.816      0.811      0.813      0.891 
252    0.83418       6652       1555         26        115      0.069      0.816      0.811      0.813      0.891 
253    0.84191       6651       1556         27        114      0.068      0.809      0.810      0.809      0.892 
254    0.84771       6651       1556         27        114      0.068      0.809      0.810      0.809      0.892 
255    0.83829       6651       1556         27        114      0.068      0.809      0.810      0.809      0.892 
256    0.84777       6651       1556         27        114      0.068      0.809      0.810      0.809      0.891 
257    0.81857       6651       1556         27        114      0.068      0.809      0.810      0.809      0.892 
258    0.82959       6651       1556         27        114      0.068      0.809      0.810      0.809      0.894 
259    0.85433       6652       1555         26        115      0.069      0.816      0.811      0.813      0.893 
260    0.84006       6652       1555         26        115      0.069      0.816      0.811      0.813      0.892 
261    0.85118       6651       1556         27        114      0.068      0.809      0.810      0.809      0.894 
262    0.84306       6651       1556         27        114      0.068      0.809      0.810      0.809      0.895 
263    0.86168       6653       1554         25        116      0.069      0.823      0.811      0.817      0.894 
264    0.86059       6653       1554         25        116      0.069      0.823      0.811      0.817      0.894 
265    0.84514       6651       1556         27        114      0.068      0.809      0.810      0.809      0.895 
266     0.8376       6652       1555         26        115      0.069      0.816      0.811      0.813      0.895 
267    0.84657       6651       1556         27        114      0.068      0.809      0.810      0.809      0.895 
268    0.83324       6652       1555         26        115      0.069      0.816      0.811      0.813      0.895 
269     0.8241       6651       1556         27        114      0.068      0.809      0.810      0.809      0.895 
270    0.83458       6651       1556         27        114      0.068      0.809      0.810      0.809      0.895 
271    0.86041       6651       1556         27        114      0.068      0.809      0.810      0.809      0.893 
272    0.83415       6652       1555         26        115      0.069      0.816      0.811      0.813      0.894 
273    0.83717       6651       1556         27        114      0.068      0.809      0.810      0.809      0.895 
274    0.82502       6650       1557         28        113      0.068      0.801      0.810      0.806      0.896 
275    0.83967       6651       1556         27        114      0.068      0.809      0.810      0.809      0.894 
276    0.85617       6651       1556         27        114      0.068      0.809      0.810      0.809      0.894 
277    0.83169       6654       1553         24        117      0.070      0.830      0.811      0.820      0.896 
278     0.8401       6653       1554         25        116      0.069      0.823      0.811      0.817      0.897 
279    0.83416       6652       1555         26        115      0.069      0.816      0.811      0.813      0.895 
280    0.84691       6651       1556         27        114      0.068      0.809      0.810      0.809      0.895 
281    0.84333       6654       1553         24        117      0.070      0.830      0.811      0.820      0.897 
282    0.82109       6651       1556         27        114      0.068      0.809      0.810      0.809      0.897 
283    0.83239       6652       1555         26        115      0.069      0.816      0.811      0.813      0.896 
284    0.82652       6652       1555         26        115      0.069      0.816      0.811      0.813      0.896 
285    0.81952       6651       1556         27        114      0.068      0.809      0.810      0.809      0.897 
286    0.83653       6651       1556         27        114      0.068      0.809      0.810      0.809      0.897 
287    0.84228       6651       1556         27        114      0.068      0.809      0.810      0.809      0.896 
288    0.87103       6650       1557         28        113      0.068      0.801      0.810      0.806      0.896 
289     0.8255       6655       1552         23        118      0.071      0.837      0.811      0.824      0.896 
290    0.88033       6653       1554         25        116      0.069      0.823      0.811      0.817      0.897 
291    0.83568       6652       1555         26        115      0.069      0.816      0.811      0.813      0.895 
292    0.83168       6654       1553         24        117      0.070      0.830      0.811      0.820      0.896 
293    0.83561       6654       1553         24        117      0.070      0.830      0.811      0.820      0.897 
294    0.81657       6654       1553         24        117      0.070      0.830      0.811      0.820      0.898 
295    0.82455       6653       1554         25        116      0.069      0.823      0.811      0.817      0.896 
296    0.83347       6652       1555         26        115      0.069      0.816      0.811      0.813      0.896 
297    0.84084       6651       1556         27        114      0.068      0.809      0.810      0.809      0.897 
298     0.8388       6653       1554         25        116      0.069      0.823      0.811      0.817      0.897 
299     0.8324       6651       1556         27        114      0.068      0.809      0.810      0.809      0.897 
300    0.85682       6651       1556         27        114      0.068      0.809      0.810      0.809      0.897 
