# Number of nodes=10436; Number of edges=824342; Number of node features=5; Model: gtn.
epoch       loss         tn         fp         fn         tp       prec        rec        acc       bacc        auc 
1     1.7195       8301       1958         47        130      0.062      0.734      0.808      0.772      0.852 
2     1.6162       8307       1952         41        136      0.065      0.768      0.809      0.789      0.847 
3     1.3064       8300       1959         48        129      0.062      0.729      0.808      0.769      0.804 
4     1.1391       8296       1963         52        125      0.060      0.706      0.807      0.757      0.805 
5     1.1293       8296       1963         52        125      0.060      0.706      0.807      0.757      0.820 
6     1.0631       8301       1958         47        130      0.062      0.734      0.808      0.772      0.832 
7    0.98871       8300       1959         48        129      0.062      0.729      0.808      0.769      0.842 
8    0.96011       8306       1953         42        135      0.065      0.763      0.809      0.786      0.851 
9    0.96575       8308       1951         40        137      0.066      0.774      0.809      0.792      0.857 
10    0.95104       8310       1949         38        139      0.067      0.785      0.810      0.798      0.862 
11    0.93808       8309       1950         39        138      0.066      0.780      0.809      0.795      0.864 
12    0.92195       8309       1950         39        138      0.066      0.780      0.809      0.795      0.865 
13    0.90108       8309       1950         39        138      0.066      0.780      0.809      0.795      0.866 
14    0.93372       8311       1948         37        140      0.067      0.791      0.810      0.801      0.868 
15    0.90016       8311       1948         37        140      0.067      0.791      0.810      0.801      0.871 
16    0.88361       8313       1946         35        142      0.068      0.802      0.810      0.806      0.875 
17     0.8727       8315       1944         33        144      0.069      0.814      0.811      0.812      0.879 
18    0.87947       8314       1945         34        143      0.068      0.808      0.810      0.809      0.882 
19    0.83865       8315       1944         33        144      0.069      0.814      0.811      0.812      0.884 
20    0.86368       8315       1944         33        144      0.069      0.814      0.811      0.812      0.886 
21    0.84267       8315       1944         33        144      0.069      0.814      0.811      0.812      0.889 
22    0.82737       8315       1944         33        144      0.069      0.814      0.811      0.812      0.893 
23    0.79001       8317       1942         31        146      0.070      0.825      0.811      0.818      0.896 
24    0.80737       8317       1942         31        146      0.070      0.825      0.811      0.818      0.899 
25    0.80082       8317       1942         31        146      0.070      0.825      0.811      0.818      0.902 
26    0.77152       8319       1940         29        148      0.071      0.836      0.811      0.824      0.904 
27    0.78398       8318       1941         30        147      0.070      0.831      0.811      0.821      0.908 
28    0.79114       8318       1941         30        147      0.070      0.831      0.811      0.821      0.910 
29    0.79263       8321       1938         27        150      0.072      0.847      0.812      0.829      0.912 
30    0.77529       8321       1938         27        150      0.072      0.847      0.812      0.829      0.913 
31    0.78116       8320       1939         28        149      0.071      0.842      0.812      0.826      0.913 
32     0.7628       8320       1939         28        149      0.071      0.842      0.812      0.826      0.912 
33    0.77461       8321       1938         27        150      0.072      0.847      0.812      0.829      0.912 
34     0.8053       8323       1936         25        152      0.073      0.859      0.812      0.835      0.912 
35     0.7655       8322       1937         26        151      0.072      0.853      0.812      0.832      0.911 
36    0.77032       8322       1937         26        151      0.072      0.853      0.812      0.832      0.911 
37    0.77113       8322       1937         26        151      0.072      0.853      0.812      0.832      0.911 
38    0.74191       8323       1936         25        152      0.073      0.859      0.812      0.835      0.910 
39     0.8088       8324       1935         24        153      0.073      0.864      0.812      0.838      0.913 
40    0.79755       8323       1936         25        152      0.073      0.859      0.812      0.835      0.916 
41    0.74805       8323       1936         25        152      0.073      0.859      0.812      0.835      0.919 
42    0.78606       8323       1936         25        152      0.073      0.859      0.812      0.835      0.919 
43    0.71948       8324       1935         24        153      0.073      0.864      0.812      0.838      0.919 
44    0.72625       8325       1934         23        154      0.074      0.870      0.812      0.841      0.919 
45    0.72688       8325       1934         23        154      0.074      0.870      0.812      0.841      0.918 
46    0.69936       8324       1935         24        153      0.073      0.864      0.812      0.838      0.918 
47    0.69031       8324       1935         24        153      0.073      0.864      0.812      0.838      0.918 
48    0.70962       8324       1935         24        153      0.073      0.864      0.812      0.838      0.919 
49    0.69351       8327       1932         21        156      0.075      0.881      0.813      0.847      0.920 
50    0.66736       8328       1931         20        157      0.075      0.887      0.813      0.849      0.921 
51    0.69738       8328       1931         20        157      0.075      0.887      0.813      0.849      0.922 
52    0.65464       8328       1931         20        157      0.075      0.887      0.813      0.849      0.923 
53    0.68537       8329       1930         19        158      0.076      0.893      0.813      0.852      0.923 
54    0.67201       8329       1930         19        158      0.076      0.893      0.813      0.852      0.924 
55    0.66576       8329       1930         19        158      0.076      0.893      0.813      0.852      0.925 
56    0.65145       8328       1931         20        157      0.075      0.887      0.813      0.849      0.926 
57    0.66228       8328       1931         20        157      0.075      0.887      0.813      0.849      0.927 
58    0.64832       8329       1930         19        158      0.076      0.893      0.813      0.852      0.928 
59     0.6451       8330       1929         18        159      0.076      0.898      0.813      0.855      0.928 
60    0.67033       8330       1929         18        159      0.076      0.898      0.813      0.855      0.929 
61    0.65864       8331       1928         17        160      0.077      0.904      0.814      0.858      0.930 
62    0.64944       8331       1928         17        160      0.077      0.904      0.814      0.858      0.931 
63    0.60526       8331       1928         17        160      0.077      0.904      0.814      0.858      0.933 
64    0.64665       8331       1928         17        160      0.077      0.904      0.814      0.858      0.934 
65    0.61076       8331       1928         17        160      0.077      0.904      0.814      0.858      0.935 
66    0.61669       8331       1928         17        160      0.077      0.904      0.814      0.858      0.935 
67    0.60326       8332       1927         16        161      0.077      0.910      0.814      0.861      0.936 
68    0.62237       8332       1927         16        161      0.077      0.910      0.814      0.861      0.936 
69    0.62974       8332       1927         16        161      0.077      0.910      0.814      0.861      0.936 
70    0.58505       8333       1926         15        162      0.078      0.915      0.814      0.864      0.936 
71    0.61424       8333       1926         15        162      0.078      0.915      0.814      0.864      0.937 
72    0.56477       8333       1926         15        162      0.078      0.915      0.814      0.864      0.938 
73    0.60558       8334       1925         14        163      0.078      0.921      0.814      0.867      0.939 
74    0.55236       8334       1925         14        163      0.078      0.921      0.814      0.867      0.941 
75    0.60555       8334       1925         14        163      0.078      0.921      0.814      0.867      0.941 
76    0.57002       8333       1926         15        162      0.078      0.915      0.814      0.864      0.941 
77    0.56599       8333       1926         15        162      0.078      0.915      0.814      0.864      0.941 
78    0.57934       8331       1928         17        160      0.077      0.904      0.814      0.858      0.940 
79    0.57303       8334       1925         14        163      0.078      0.921      0.814      0.867      0.942 
80    0.58161       8334       1925         14        163      0.078      0.921      0.814      0.867      0.941 
81    0.59703       8335       1924         13        164      0.079      0.927      0.814      0.870      0.942 
82    0.60793       8336       1923         12        165      0.079      0.932      0.815      0.872      0.942 
83     0.5752       8336       1923         12        165      0.079      0.932      0.815      0.872      0.942 
84    0.59814       8336       1923         12        165      0.079      0.932      0.815      0.872      0.942 
85    0.55579       8336       1923         12        165      0.079      0.932      0.815      0.872      0.943 
86    0.57058       8337       1922         11        166      0.080      0.938      0.815      0.875      0.943 
87    0.57444       8338       1921         10        167      0.080      0.944      0.815      0.878      0.943 
88     0.5586       8337       1922         11        166      0.080      0.938      0.815      0.875      0.940 
89    0.51155       8338       1921         10        167      0.080      0.944      0.815      0.878      0.939 
90    0.53444       8338       1921         10        167      0.080      0.944      0.815      0.878      0.938 
91    0.57098       8338       1921         10        167      0.080      0.944      0.815      0.878      0.941 
92     0.5931       8338       1921         10        167      0.080      0.944      0.815      0.878      0.944 
93    0.55587       8338       1921         10        167      0.080      0.944      0.815      0.878      0.945 
94    0.55433       8339       1920          9        168      0.080      0.949      0.815      0.881      0.946 
95    0.53187       8339       1920          9        168      0.080      0.949      0.815      0.881      0.946 
96    0.55973       8339       1920          9        168      0.080      0.949      0.815      0.881      0.946 
97    0.53338       8338       1921         10        167      0.080      0.944      0.815      0.878      0.946 
98    0.51518       8338       1921         10        167      0.080      0.944      0.815      0.878      0.945 
99    0.49004       8338       1921         10        167      0.080      0.944      0.815      0.878      0.945 
100    0.50347       8338       1921         10        167      0.080      0.944      0.815      0.878      0.946 
101    0.51272       8338       1921         10        167      0.080      0.944      0.815      0.878      0.946 
102    0.48672       8339       1920          9        168      0.080      0.949      0.815      0.881      0.946 
103    0.51146       8338       1921         10        167      0.080      0.944      0.815      0.878      0.946 
104    0.49793       8340       1919          8        169      0.081      0.955      0.815      0.884      0.948 
105    0.49192       8340       1919          8        169      0.081      0.955      0.815      0.884      0.950 
106    0.53507       8340       1919          8        169      0.081      0.955      0.815      0.884      0.951 
107    0.50448       8340       1919          8        169      0.081      0.955      0.815      0.884      0.951 
108    0.52594       8340       1919          8        169      0.081      0.955      0.815      0.884      0.952 
109    0.46625       8340       1919          8        169      0.081      0.955      0.815      0.884      0.953 
110    0.53453       8340       1919          8        169      0.081      0.955      0.815      0.884      0.954 
111     0.4835       8340       1919          8        169      0.081      0.955      0.815      0.884      0.953 
112     0.5477       8340       1919          8        169      0.081      0.955      0.815      0.884      0.953 
113    0.50014       8340       1919          8        169      0.081      0.955      0.815      0.884      0.952 
114    0.45918       8340       1919          8        169      0.081      0.955      0.815      0.884      0.952 
115     0.5437       8341       1918          7        170      0.081      0.960      0.816      0.887      0.953 
116    0.47489       8340       1919          8        169      0.081      0.955      0.815      0.884      0.953 
117    0.46518       8340       1919          8        169      0.081      0.955      0.815      0.884      0.953 
118    0.44515       8340       1919          8        169      0.081      0.955      0.815      0.884      0.954 
119    0.50429       8340       1919          8        169      0.081      0.955      0.815      0.884      0.954 
120    0.48399       8340       1919          8        169      0.081      0.955      0.815      0.884      0.955 
121    0.45911       8340       1919          8        169      0.081      0.955      0.815      0.884      0.954 
122     0.4951       8340       1919          8        169      0.081      0.955      0.815      0.884      0.952 
123    0.47287       8340       1919          8        169      0.081      0.955      0.815      0.884      0.953 
124    0.44916       8340       1919          8        169      0.081      0.955      0.815      0.884      0.953 
125     0.4747       8339       1920          9        168      0.080      0.949      0.815      0.881      0.952 
126    0.43497       8339       1920          9        168      0.080      0.949      0.815      0.881      0.952 
127     0.4331       8340       1919          8        169      0.081      0.955      0.815      0.884      0.953 
128    0.44995       8340       1919          8        169      0.081      0.955      0.815      0.884      0.954 
129    0.47574       8340       1919          8        169      0.081      0.955      0.815      0.884      0.956 
130    0.41951       8340       1919          8        169      0.081      0.955      0.815      0.884      0.957 
131     0.3921       8339       1920          9        168      0.080      0.949      0.815      0.881      0.958 
132    0.40731       8339       1920          9        168      0.080      0.949      0.815      0.881      0.959 
133    0.40087       8339       1920          9        168      0.080      0.949      0.815      0.881      0.960 
134    0.46933       8339       1920          9        168      0.080      0.949      0.815      0.881      0.959 
135     0.4053       8339       1920          9        168      0.080      0.949      0.815      0.881      0.959 
136    0.42272       8338       1921         10        167      0.080      0.944      0.815      0.878      0.959 
137    0.46357       8337       1922         11        166      0.080      0.938      0.815      0.875      0.957 
138    0.43826       8337       1922         11        166      0.080      0.938      0.815      0.875      0.956 
139    0.38799       8338       1921         10        167      0.080      0.944      0.815      0.878      0.957 
140    0.42725       8338       1921         10        167      0.080      0.944      0.815      0.878      0.957 
141    0.38774       8338       1921         10        167      0.080      0.944      0.815      0.878      0.957 
142    0.51937       8337       1922         10        167      0.080      0.944      0.815      0.878      0.957 
143    0.42442       8338       1921         10        167      0.080      0.944      0.815      0.878      0.958 
144    0.44218       8338       1921         10        167      0.080      0.944      0.815      0.878      0.959 
145    0.44324       8338       1921         10        167      0.080      0.944      0.815      0.878      0.959 
146    0.43789       8338       1921         10        167      0.080      0.944      0.815      0.878      0.959 
147     0.4232       8338       1921         10        167      0.080      0.944      0.815      0.878      0.959 
148    0.47692       8339       1920          9        168      0.080      0.949      0.815      0.881      0.960 
149    0.46624       8339       1920          9        168      0.080      0.949      0.815      0.881      0.959 
150    0.45412       8339       1920          9        168      0.080      0.949      0.815      0.881      0.959 
151    0.40883       8339       1920          9        168      0.080      0.949      0.815      0.881      0.959 
152    0.42677       8338       1921         10        167      0.080      0.944      0.815      0.878      0.960 
153    0.48955       8339       1920          9        168      0.080      0.949      0.815      0.881      0.961 
154    0.40164       8339       1920          9        168      0.080      0.949      0.815      0.881      0.960 
155    0.40955       8338       1921         10        167      0.080      0.944      0.815      0.878      0.959 
156     0.4405       8338       1921         10        167      0.080      0.944      0.815      0.878      0.958 
157    0.42551       8338       1921         10        167      0.080      0.944      0.815      0.878      0.957 
158    0.41277       8338       1921         10        167      0.080      0.944      0.815      0.878      0.957 
159    0.42241       8338       1921         10        167      0.080      0.944      0.815      0.878      0.956 
160    0.41585       8338       1921         10        167      0.080      0.944      0.815      0.878      0.955 
161    0.41459       8338       1921         10        167      0.080      0.944      0.815      0.878      0.953 
162    0.42988       8338       1921         10        167      0.080      0.944      0.815      0.878      0.950 
163    0.49467       8338       1921         10        167      0.080      0.944      0.815      0.878      0.950 
164    0.45492       8338       1921         10        167      0.080      0.944      0.815      0.878      0.952 
165    0.44554       8338       1921         10        167      0.080      0.944      0.815      0.878      0.953 
166    0.44456       8338       1921         10        167      0.080      0.944      0.815      0.878      0.953 
167    0.43239       8338       1921         10        167      0.080      0.944      0.815      0.878      0.953 
168    0.42486       8338       1921         10        167      0.080      0.944      0.815      0.878      0.953 
169    0.43568       8338       1921         10        167      0.080      0.944      0.815      0.878      0.953 
170    0.43205       8338       1921         10        167      0.080      0.944      0.815      0.878      0.953 
171    0.47203       8339       1920          9        168      0.080      0.949      0.815      0.881      0.953 
172    0.40263       8339       1920          9        168      0.080      0.949      0.815      0.881      0.952 
173    0.47742       8339       1920          9        168      0.080      0.949      0.815      0.881      0.950 
174    0.42305       8339       1920          9        168      0.080      0.949      0.815      0.881      0.950 
175     0.4162       8338       1921         10        167      0.080      0.944      0.815      0.878      0.950 
176    0.48538       8338       1921         10        167      0.080      0.944      0.815      0.878      0.950 
177    0.56028       8338       1921         10        167      0.080      0.944      0.815      0.878      0.951 
178    0.40379       8338       1921         10        167      0.080      0.944      0.815      0.878      0.952 
179     0.3825       8338       1921         10        167      0.080      0.944      0.815      0.878      0.952 
180    0.47445       8338       1921         10        167      0.080      0.944      0.815      0.878      0.952 
181    0.40606       8338       1921         10        167      0.080      0.944      0.815      0.878      0.952 
182    0.41293       8338       1921         10        167      0.080      0.944      0.815      0.878      0.952 
183    0.41261       8339       1920          9        168      0.080      0.949      0.815      0.881      0.951 
184    0.41984       8339       1920          9        168      0.080      0.949      0.815      0.881      0.951 
185    0.44822       8339       1920          9        168      0.080      0.949      0.815      0.881      0.952 
186    0.40886       8340       1919          8        169      0.081      0.955      0.815      0.884      0.953 
187    0.43309       8341       1918          7        170      0.081      0.960      0.816      0.887      0.954 
188    0.40816       8340       1919          8        169      0.081      0.955      0.815      0.884      0.957 
189    0.39884       8340       1919          8        169      0.081      0.955      0.815      0.884      0.958 
190    0.40994       8340       1919          8        169      0.081      0.955      0.815      0.884      0.958 
191     0.4242       8340       1919          8        169      0.081      0.955      0.815      0.884      0.959 
192    0.39796       8340       1919          8        169      0.081      0.955      0.815      0.884      0.960 
193    0.36811       8341       1918          7        170      0.081      0.960      0.816      0.887      0.961 
194    0.45054       8341       1918          7        170      0.081      0.960      0.816      0.887      0.961 
195    0.46288       8341       1918          7        170      0.081      0.960      0.816      0.887      0.962 
196    0.41261       8340       1919          8        169      0.081      0.955      0.815      0.884      0.961 
197    0.37265       8339       1920          9        168      0.080      0.949      0.815      0.881      0.960 
198    0.40817       8339       1920          9        168      0.080      0.949      0.815      0.881      0.960 
199    0.43247       8339       1920          9        168      0.080      0.949      0.815      0.881      0.959 
200    0.40632       8339       1920          9        168      0.080      0.949      0.815      0.881      0.959 
201    0.41954       8339       1920          9        168      0.080      0.949      0.815      0.881      0.959 
202    0.37446       8339       1920          9        168      0.080      0.949      0.815      0.881      0.959 
203    0.39319       8339       1920          9        168      0.080      0.949      0.815      0.881      0.959 
204    0.36912       8339       1920          9        168      0.080      0.949      0.815      0.881      0.957 
205    0.42379       8339       1920          9        168      0.080      0.949      0.815      0.881      0.960 
206    0.35892       8340       1919          8        169      0.081      0.955      0.815      0.884      0.961 
207    0.35489       8340       1919          8        169      0.081      0.955      0.815      0.884      0.961 
208    0.33702       8340       1919          8        169      0.081      0.955      0.815      0.884      0.961 
209    0.50426       8340       1919          8        169      0.081      0.955      0.815      0.884      0.960 
210    0.38134       8340       1919          8        169      0.081      0.955      0.815      0.884      0.960 
211    0.35168       8340       1919          8        169      0.081      0.955      0.815      0.884      0.959 
212      0.362       8340       1919          8        169      0.081      0.955      0.815      0.884      0.958 
213     0.3838       8340       1919          8        169      0.081      0.955      0.815      0.884      0.957 
214    0.35556       8340       1919          8        169      0.081      0.955      0.815      0.884      0.957 
215    0.46112       8340       1919          8        169      0.081      0.955      0.815      0.884      0.957 
216    0.41104       8340       1919          8        169      0.081      0.955      0.815      0.884      0.957 
217    0.39208       8340       1919          8        169      0.081      0.955      0.815      0.884      0.958 
218    0.37693       8340       1919          8        169      0.081      0.955      0.815      0.884      0.958 
219    0.37663       8340       1919          8        169      0.081      0.955      0.815      0.884      0.958 
220    0.38821       8339       1920          9        168      0.080      0.949      0.815      0.881      0.957 
221     0.3935       8340       1919          8        169      0.081      0.955      0.815      0.884      0.957 
222    0.34197       8340       1919          8        169      0.081      0.955      0.815      0.884      0.957 
223    0.44669       8340       1919          8        169      0.081      0.955      0.815      0.884      0.958 
224    0.36124       8341       1918          7        170      0.081      0.960      0.816      0.887      0.958 
225    0.38233       8341       1918          7        170      0.081      0.960      0.816      0.887      0.958 
226    0.39593       8341       1918          7        170      0.081      0.960      0.816      0.887      0.958 
227     0.4033       8341       1918          7        170      0.081      0.960      0.816      0.887      0.958 
228    0.42944       8341       1918          7        170      0.081      0.960      0.816      0.887      0.958 
229    0.38033       8341       1918          7        170      0.081      0.960      0.816      0.887      0.958 
230    0.36608       8341       1918          7        170      0.081      0.960      0.816      0.887      0.958 
231    0.37328       8340       1919          8        169      0.081      0.955      0.815      0.884      0.958 
232    0.35342       8340       1919          8        169      0.081      0.955      0.815      0.884      0.958 
233    0.38532       8340       1919          8        169      0.081      0.955      0.815      0.884      0.960 
234      0.366       8340       1919          8        169      0.081      0.955      0.815      0.884      0.961 
235    0.32458       8340       1919          8        169      0.081      0.955      0.815      0.884      0.963 
236     0.3369       8340       1919          8        169      0.081      0.955      0.815      0.884      0.963 
237    0.36272       8340       1919          8        169      0.081      0.955      0.815      0.884      0.963 
238    0.35471       8340       1919          8        169      0.081      0.955      0.815      0.884      0.963 
239    0.32111       8340       1919          8        169      0.081      0.955      0.815      0.884      0.964 
240    0.42531       8340       1919          8        169      0.081      0.955      0.815      0.884      0.964 
241    0.34411       8340       1919          8        169      0.081      0.955      0.815      0.884      0.964 
242    0.31938       8340       1919          8        169      0.081      0.955      0.815      0.884      0.964 
243    0.31484       8340       1919          8        169      0.081      0.955      0.815      0.884      0.964 
244    0.38287       8340       1919          8        169      0.081      0.955      0.815      0.884      0.966 
245    0.34321       8340       1919          8        169      0.081      0.955      0.815      0.884      0.966 
246    0.38958       8340       1919          8        169      0.081      0.955      0.815      0.884      0.967 
247    0.35359       8340       1919          8        169      0.081      0.955      0.815      0.884      0.967 
248    0.34284       8340       1919          8        169      0.081      0.955      0.815      0.884      0.967 
249     0.3566       8340       1919          8        169      0.081      0.955      0.815      0.884      0.966 
250    0.33569       8340       1919          8        169      0.081      0.955      0.815      0.884      0.966 
251    0.30724       8340       1919          8        169      0.081      0.955      0.815      0.884      0.966 
252    0.39624       8340       1919          8        169      0.081      0.955      0.815      0.884      0.966 
253    0.35929       8340       1919          8        169      0.081      0.955      0.815      0.884      0.966 
254     0.4401       8340       1919          8        169      0.081      0.955      0.815      0.884      0.966 
255    0.37278       8340       1919          8        169      0.081      0.955      0.815      0.884      0.964 
256    0.36808       8340       1919          8        169      0.081      0.955      0.815      0.884      0.964 
257    0.36015       8341       1918          7        170      0.081      0.960      0.816      0.887      0.963 
258    0.34762       8340       1919          8        169      0.081      0.955      0.815      0.884      0.962 
259    0.36391       8339       1920          9        168      0.080      0.949      0.815      0.881      0.964 
260      0.367       8340       1919          8        169      0.081      0.955      0.815      0.884      0.965 
261    0.36463       8340       1919          8        169      0.081      0.955      0.815      0.884      0.966 
262    0.32942       8340       1919          8        169      0.081      0.955      0.815      0.884      0.966 
263    0.33491       8339       1920          9        168      0.080      0.949      0.815      0.881      0.965 
264    0.31987       8339       1920          9        168      0.080      0.949      0.815      0.881      0.965 
265     0.4095       8339       1920          9        168      0.080      0.949      0.815      0.881      0.965 
266    0.38238       8339       1920          9        168      0.080      0.949      0.815      0.881      0.965 
267    0.33627       8340       1919          8        169      0.081      0.955      0.815      0.884      0.965 
268    0.36029       8340       1919          8        169      0.081      0.955      0.815      0.884      0.966 
269    0.36607       8339       1920          9        168      0.080      0.949      0.815      0.881      0.966 
270    0.33961       8339       1920          9        168      0.080      0.949      0.815      0.881      0.966 
271    0.41391       8339       1920          9        168      0.080      0.949      0.815      0.881      0.966 
272     0.3567       8339       1920          9        168      0.080      0.949      0.815      0.881      0.966 
273    0.34094       8339       1920          9        168      0.080      0.949      0.815      0.881      0.966 
274    0.36046       8339       1920          9        168      0.080      0.949      0.815      0.881      0.965 
275    0.32468       8339       1920          9        168      0.080      0.949      0.815      0.881      0.965 
276    0.35435       8339       1920          9        168      0.080      0.949      0.815      0.881      0.965 
277    0.42172       8338       1921         10        167      0.080      0.944      0.815      0.878      0.965 
278    0.35798       8338       1921         10        167      0.080      0.944      0.815      0.878      0.963 
279    0.43556       8338       1921         10        167      0.080      0.944      0.815      0.878      0.962 
280    0.34822       8338       1921         10        167      0.080      0.944      0.815      0.878      0.962 
281    0.35982       8338       1921         10        167      0.080      0.944      0.815      0.878      0.961 
282    0.37641       8336       1923         12        165      0.079      0.932      0.815      0.872      0.960 
283    0.41693       8339       1920          9        168      0.080      0.949      0.815      0.881      0.961 
284    0.34404       8339       1920          9        168      0.080      0.949      0.815      0.881      0.961 
285    0.37016       8339       1920          9        168      0.080      0.949      0.815      0.881      0.960 
286    0.42394       8339       1920          9        168      0.080      0.949      0.815      0.881      0.961 
287    0.38705       8339       1920          9        168      0.080      0.949      0.815      0.881      0.962 
288    0.43319       8340       1919          8        169      0.081      0.955      0.815      0.884      0.962 
289       0.43       8339       1920          9        168      0.080      0.949      0.815      0.881      0.963 
290    0.38351       8339       1920          9        168      0.080      0.949      0.815      0.881      0.964 
291    0.35998       8340       1919          8        169      0.081      0.955      0.815      0.884      0.965 
292    0.35121       8340       1919          8        169      0.081      0.955      0.815      0.884      0.964 
293    0.39693       8340       1919          8        169      0.081      0.955      0.815      0.884      0.964 
294    0.39215       8340       1919          8        169      0.081      0.955      0.815      0.884      0.963 
295    0.41156       8341       1918          7        170      0.081      0.960      0.816      0.887      0.963 
296    0.40654       8341       1918          7        170      0.081      0.960      0.816      0.887      0.962 
297    0.39198       8341       1918          7        170      0.081      0.960      0.816      0.887      0.961 
298    0.39813       8341       1918          7        170      0.081      0.960      0.816      0.887      0.960 
299    0.38691       8339       1920          9        168      0.080      0.949      0.815      0.881      0.956 
300    0.45657       8340       1919          8        169      0.081      0.955      0.815      0.884      0.957 
