# Number of nodes=10436; Number of edges=824342; Number of node features=5; Model: gat3h.
epoch       loss         tn         fp         fn         tp       prec        rec        acc       bacc        auc 
1     1.4417       6562       1645        116         25      0.015      0.177      0.789      0.488      0.494 
2     1.3131       6584       1623         94         47      0.028      0.333      0.794      0.568      0.657 
3     1.2941       6595       1612         83         58      0.035      0.411      0.797      0.607      0.724 
4     1.2637       6599       1608         79         62      0.037      0.440      0.798      0.622      0.737 
5     1.2947       6605       1602         73         68      0.041      0.482      0.799      0.644      0.738 
6      1.161       6599       1608         79         62      0.037      0.440      0.798      0.622      0.732 
7     1.1676       6605       1602         73         68      0.041      0.482      0.799      0.644      0.727 
8     1.1536       6612       1595         66         75      0.045      0.532      0.801      0.669      0.743 
9     1.1499       6614       1593         64         77      0.046      0.546      0.802      0.676      0.768 
10     1.1518       6621       1586         57         84      0.050      0.596      0.803      0.701      0.788 
11     1.1105       6623       1584         55         86      0.051      0.610      0.804      0.708      0.795 
12     1.1035       6620       1587         58         83      0.050      0.589      0.803      0.698      0.800 
13     1.1114       6624       1583         54         87      0.052      0.617      0.804      0.712      0.803 
14     1.1118       6622       1585         56         85      0.051      0.603      0.803      0.705      0.803 
15     1.0848       6624       1583         54         87      0.052      0.617      0.804      0.712      0.802 
16     1.0827       6620       1587         58         83      0.050      0.589      0.803      0.698      0.801 
17     1.0566       6618       1589         60         81      0.049      0.574      0.802      0.690      0.801 
18      1.046       6618       1589         60         81      0.049      0.574      0.802      0.690      0.802 
19     1.0725       6618       1589         60         81      0.049      0.574      0.802      0.690      0.805 
20      1.068       6621       1586         57         84      0.050      0.596      0.803      0.701      0.808 
21     1.0708       6622       1585         56         85      0.051      0.603      0.803      0.705      0.811 
22     1.0565       6623       1584         55         86      0.051      0.610      0.804      0.708      0.812 
23     1.0538       6624       1583         54         87      0.052      0.617      0.804      0.712      0.813 
24     1.0415       6622       1585         56         85      0.051      0.603      0.803      0.705      0.813 
25     1.0437       6620       1587         58         83      0.050      0.589      0.803      0.698      0.812 
26     1.0442       6621       1586         57         84      0.050      0.596      0.803      0.701      0.813 
27     1.0325       6621       1586         57         84      0.050      0.596      0.803      0.701      0.814 
28     1.0222       6621       1586         57         84      0.050      0.596      0.803      0.701      0.815 
29     1.0434       6621       1586         57         84      0.050      0.596      0.803      0.701      0.817 
30     1.0243       6622       1585         56         85      0.051      0.603      0.803      0.705      0.818 
31     1.0138       6623       1584         55         86      0.051      0.610      0.804      0.708      0.820 
32     1.0245       6623       1584         55         86      0.051      0.610      0.804      0.708      0.821 
33     1.0186       6623       1584         55         86      0.051      0.610      0.804      0.708      0.822 
34     1.0241       6624       1583         54         87      0.052      0.617      0.804      0.712      0.823 
35     1.0215       6625       1582         53         88      0.053      0.624      0.804      0.716      0.823 
36     1.0201       6621       1586         57         84      0.050      0.596      0.803      0.701      0.823 
37     1.0225       6620       1587         58         83      0.050      0.589      0.803      0.698      0.823 
38    0.99523       6621       1586         57         84      0.050      0.596      0.803      0.701      0.823 
39    0.99958       6623       1584         55         86      0.051      0.610      0.804      0.708      0.824 
40      1.006       6622       1585         56         85      0.051      0.603      0.803      0.705      0.825 
41     1.0031       6624       1583         54         87      0.052      0.617      0.804      0.712      0.826 
42       0.98       6624       1583         54         87      0.052      0.617      0.804      0.712      0.828 
43    0.99589       6624       1583         54         87      0.052      0.617      0.804      0.712      0.830 
44    0.97616       6624       1583         54         87      0.052      0.617      0.804      0.712      0.833 
45    0.98042       6627       1580         51         90      0.054      0.638      0.805      0.723      0.834 
46    0.98627       6628       1579         50         91      0.054      0.645      0.805      0.726      0.835 
47    0.99748       6627       1580         51         90      0.054      0.638      0.805      0.723      0.835 
48     0.9959       6626       1581         52         89      0.053      0.631      0.804      0.719      0.834 
49    0.97387       6625       1582         53         88      0.053      0.624      0.804      0.716      0.834 
50    0.99212       6626       1581         52         89      0.053      0.631      0.804      0.719      0.833 
51     0.9898       6626       1581         52         89      0.053      0.631      0.804      0.719      0.834 
52      1.009       6627       1580         51         90      0.054      0.638      0.805      0.723      0.836 
53     1.0119       6629       1578         49         92      0.055      0.652      0.805      0.730      0.839 
54    0.98438       6632       1575         46         95      0.057      0.674      0.806      0.741      0.841 
55    0.99326       6633       1574         45         96      0.057      0.681      0.806      0.745      0.843 
56    0.96875       6634       1573         44         97      0.058      0.688      0.806      0.748      0.845 
57    0.99429       6633       1574         45         96      0.057      0.681      0.806      0.745      0.846 
58    0.98966       6632       1575         46         95      0.057      0.674      0.806      0.741      0.846 
59     0.9813       6632       1575         46         95      0.057      0.674      0.806      0.741      0.846 
60    0.98166       6632       1575         46         95      0.057      0.674      0.806      0.741      0.845 
61    0.96471       6631       1576         47         94      0.056      0.667      0.806      0.737      0.844 
62    0.96323       6633       1574         45         96      0.057      0.681      0.806      0.745      0.844 
63    0.96664       6634       1573         44         97      0.058      0.688      0.806      0.748      0.845 
64    0.96124       6632       1575         46         95      0.057      0.674      0.806      0.741      0.845 
65     0.9549       6631       1576         47         94      0.056      0.667      0.806      0.737      0.847 
66    0.94833       6631       1576         47         94      0.056      0.667      0.806      0.737      0.848 
67    0.93464       6631       1576         47         94      0.056      0.667      0.806      0.737      0.850 
68    0.96432       6632       1575         46         95      0.057      0.674      0.806      0.741      0.851 
69    0.95565       6632       1575         46         95      0.057      0.674      0.806      0.741      0.851 
70    0.95823       6632       1575         46         95      0.057      0.674      0.806      0.741      0.850 
71    0.94604       6632       1575         46         95      0.057      0.674      0.806      0.741      0.850 
72     0.9725       6631       1576         47         94      0.056      0.667      0.806      0.737      0.850 
73     0.9562       6632       1575         46         95      0.057      0.674      0.806      0.741      0.852 
74    0.94186       6632       1575         46         95      0.057      0.674      0.806      0.741      0.854 
75    0.92975       6635       1572         43         98      0.059      0.695      0.807      0.752      0.856 
76    0.94435       6636       1571         42         99      0.059      0.702      0.807      0.755      0.857 
77    0.95402       6637       1570         41        100      0.060      0.709      0.807      0.759      0.857 
78    0.96033       6636       1571         42         99      0.059      0.702      0.807      0.755      0.857 
79    0.94258       6635       1572         43         98      0.059      0.695      0.807      0.752      0.857 
80    0.93369       6635       1572         43         98      0.059      0.695      0.807      0.752      0.857 
81     0.9418       6634       1573         44         97      0.058      0.688      0.806      0.748      0.857 
82    0.93093       6634       1573         44         97      0.058      0.688      0.806      0.748      0.858 
83     0.9273       6636       1571         42         99      0.059      0.702      0.807      0.755      0.859 
84    0.90973       6637       1570         41        100      0.060      0.709      0.807      0.759      0.860 
85    0.93145       6635       1572         43         98      0.059      0.695      0.807      0.752      0.860 
86    0.92581       6635       1572         43         98      0.059      0.695      0.807      0.752      0.860 
87     0.9095       6635       1572         43         98      0.059      0.695      0.807      0.752      0.861 
88    0.92276       6637       1570         41        100      0.060      0.709      0.807      0.759      0.861 
89    0.91463       6637       1570         41        100      0.060      0.709      0.807      0.759      0.861 
90    0.92205       6638       1569         40        101      0.060      0.716      0.807      0.763      0.862 
91     0.9124       6638       1569         40        101      0.060      0.716      0.807      0.763      0.863 
92    0.92945       6639       1568         39        102      0.061      0.723      0.807      0.766      0.865 
93    0.91392       6640       1567         38        103      0.062      0.730      0.808      0.770      0.865 
94    0.92035       6642       1565         36        105      0.063      0.745      0.808      0.777      0.865 
95    0.91191       6641       1566         37        104      0.062      0.738      0.808      0.773      0.865 
96    0.90552       6641       1566         37        104      0.062      0.738      0.808      0.773      0.865 
97    0.92159       6640       1567         38        103      0.062      0.730      0.808      0.770      0.865 
98    0.89388       6640       1567         38        103      0.062      0.730      0.808      0.770      0.865 
99    0.90284       6642       1565         36        105      0.063      0.745      0.808      0.777      0.866 
100    0.91945       6643       1564         35        106      0.063      0.752      0.808      0.781      0.866 
101    0.90457       6642       1565         36        105      0.063      0.745      0.808      0.777      0.866 
102    0.91926       6640       1567         38        103      0.062      0.730      0.808      0.770      0.865 
103    0.88913       6640       1567         38        103      0.062      0.730      0.808      0.770      0.865 
104    0.91662       6640       1567         38        103      0.062      0.730      0.808      0.770      0.864 
105    0.91561       6640       1567         38        103      0.062      0.730      0.808      0.770      0.865 
106    0.88324       6640       1567         38        103      0.062      0.730      0.808      0.770      0.865 
107    0.89359       6639       1568         39        102      0.061      0.723      0.807      0.766      0.866 
108    0.90419       6639       1568         39        102      0.061      0.723      0.807      0.766      0.867 
109    0.88341       6642       1565         36        105      0.063      0.745      0.808      0.777      0.868 
110    0.91819       6642       1565         36        105      0.063      0.745      0.808      0.777      0.868 
111    0.91212       6643       1564         35        106      0.063      0.752      0.808      0.781      0.868 
112    0.90446       6641       1566         37        104      0.062      0.738      0.808      0.773      0.868 
113    0.90589       6641       1566         37        104      0.062      0.738      0.808      0.773      0.868 
114    0.89835       6640       1567         38        103      0.062      0.730      0.808      0.770      0.868 
115    0.89787       6640       1567         38        103      0.062      0.730      0.808      0.770      0.868 
116    0.88529       6640       1567         38        103      0.062      0.730      0.808      0.770      0.869 
117    0.91439       6641       1566         37        104      0.062      0.738      0.808      0.773      0.869 
118    0.91257       6642       1565         36        105      0.063      0.745      0.808      0.777      0.869 
119    0.89792       6642       1565         36        105      0.063      0.745      0.808      0.777      0.869 
120    0.89377       6644       1563         34        107      0.064      0.759      0.809      0.784      0.868 
121    0.88786       6644       1563         34        107      0.064      0.759      0.809      0.784      0.869 
122    0.90588       6643       1564         35        106      0.063      0.752      0.808      0.781      0.870 
123    0.88838       6644       1563         34        107      0.064      0.759      0.809      0.784      0.870 
124    0.87825       6643       1564         35        106      0.063      0.752      0.808      0.781      0.870 
125    0.87718       6641       1566         37        104      0.062      0.738      0.808      0.773      0.870 
126    0.86748       6641       1566         37        104      0.062      0.738      0.808      0.773      0.870 
127    0.89227       6640       1567         38        103      0.062      0.730      0.808      0.770      0.870 
128    0.89619       6640       1567         38        103      0.062      0.730      0.808      0.770      0.870 
129    0.88735       6641       1566         37        104      0.062      0.738      0.808      0.773      0.869 
130    0.90171       6640       1567         38        103      0.062      0.730      0.808      0.770      0.870 
131    0.88312       6640       1567         38        103      0.062      0.730      0.808      0.770      0.870 
132    0.88767       6640       1567         38        103      0.062      0.730      0.808      0.770      0.870 
133    0.87043       6641       1566         37        104      0.062      0.738      0.808      0.773      0.870 
134    0.87464       6643       1564         35        106      0.063      0.752      0.808      0.781      0.870 
135    0.87613       6643       1564         35        106      0.063      0.752      0.808      0.781      0.871 
136    0.88293       6642       1565         36        105      0.063      0.745      0.808      0.777      0.871 
137    0.88078       6642       1565         36        105      0.063      0.745      0.808      0.777      0.871 
138    0.87849       6643       1564         35        106      0.063      0.752      0.808      0.781      0.870 
139    0.88117       6644       1563         34        107      0.064      0.759      0.809      0.784      0.870 
140    0.88404       6643       1564         35        106      0.063      0.752      0.808      0.781      0.870 
141    0.87604       6642       1565         36        105      0.063      0.745      0.808      0.777      0.871 
142    0.89159       6644       1563         34        107      0.064      0.759      0.809      0.784      0.871 
143    0.86128       6645       1562         33        108      0.065      0.766      0.809      0.788      0.872 
144    0.88985       6646       1561         32        109      0.065      0.773      0.809      0.791      0.871 
145    0.88531       6647       1560         31        110      0.066      0.780      0.809      0.795      0.871 
146    0.88277       6646       1561         32        109      0.065      0.773      0.809      0.791      0.871 
147    0.89381       6646       1561         32        109      0.065      0.773      0.809      0.791      0.872 
148    0.87352       6645       1562         33        108      0.065      0.766      0.809      0.788      0.872 
149      0.876       6646       1561         32        109      0.065      0.773      0.809      0.791      0.873 
150    0.87917       6646       1561         32        109      0.065      0.773      0.809      0.791      0.872 
151    0.87429       6646       1561         32        109      0.065      0.773      0.809      0.791      0.872 
152    0.86478       6647       1560         31        110      0.066      0.780      0.809      0.795      0.871 
153    0.87104       6648       1559         30        111      0.066      0.787      0.810      0.799      0.871 
154    0.88135       6649       1558         29        112      0.067      0.794      0.810      0.802      0.871 
155    0.87128       6649       1558         29        112      0.067      0.794      0.810      0.802      0.872 
156    0.86817       6647       1560         31        110      0.066      0.780      0.809      0.795      0.872 
157    0.86565       6647       1560         31        110      0.066      0.780      0.809      0.795      0.872 
158    0.85911       6647       1560         31        110      0.066      0.780      0.809      0.795      0.872 
159    0.85572       6648       1559         30        111      0.066      0.787      0.810      0.799      0.872 
160     0.8572       6647       1560         31        110      0.066      0.780      0.809      0.795      0.871 
161    0.86856       6648       1559         30        111      0.066      0.787      0.810      0.799      0.872 
162    0.87105       6648       1559         30        111      0.066      0.787      0.810      0.799      0.872 
163    0.87007       6649       1558         29        112      0.067      0.794      0.810      0.802      0.873 
164    0.87119       6651       1556         27        114      0.068      0.809      0.810      0.809      0.874 
165    0.86855       6651       1556         27        114      0.068      0.809      0.810      0.809      0.874 
166    0.85707       6651       1556         27        114      0.068      0.809      0.810      0.809      0.873 
167    0.85713       6651       1556         27        114      0.068      0.809      0.810      0.809      0.873 
168    0.85463       6649       1558         29        112      0.067      0.794      0.810      0.802      0.873 
169    0.86006       6649       1558         29        112      0.067      0.794      0.810      0.802      0.873 
170    0.86584       6650       1557         28        113      0.068      0.801      0.810      0.806      0.874 
171     0.8546       6651       1556         27        114      0.068      0.809      0.810      0.809      0.874 
172    0.87191       6651       1556         27        114      0.068      0.809      0.810      0.809      0.875 
173    0.86253       6650       1557         28        113      0.068      0.801      0.810      0.806      0.875 
174     0.8635       6650       1557         28        113      0.068      0.801      0.810      0.806      0.875 
175    0.85614       6650       1557         28        113      0.068      0.801      0.810      0.806      0.875 
176    0.86193       6650       1557         28        113      0.068      0.801      0.810      0.806      0.875 
177    0.84644       6650       1557         28        113      0.068      0.801      0.810      0.806      0.875 
178    0.84567       6651       1556         27        114      0.068      0.809      0.810      0.809      0.875 
179    0.86046       6652       1555         26        115      0.069      0.816      0.811      0.813      0.875 
180    0.85748       6652       1555         26        115      0.069      0.816      0.811      0.813      0.875 
181    0.84639       6652       1555         26        115      0.069      0.816      0.811      0.813      0.875 
182    0.85639       6650       1557         28        113      0.068      0.801      0.810      0.806      0.875 
183    0.86355       6650       1557         28        113      0.068      0.801      0.810      0.806      0.875 
184    0.85635       6650       1557         28        113      0.068      0.801      0.810      0.806      0.874 
185    0.86421       6650       1557         28        113      0.068      0.801      0.810      0.806      0.874 
186    0.86124       6651       1556         27        114      0.068      0.809      0.810      0.809      0.875 
187    0.86255       6650       1557         28        113      0.068      0.801      0.810      0.806      0.876 
188    0.85507       6650       1557         28        113      0.068      0.801      0.810      0.806      0.876 
189    0.84891       6650       1557         28        113      0.068      0.801      0.810      0.806      0.877 
190    0.87167       6650       1557         28        113      0.068      0.801      0.810      0.806      0.877 
191    0.84828       6652       1555         26        115      0.069      0.816      0.811      0.813      0.877 
192    0.84964       6652       1555         26        115      0.069      0.816      0.811      0.813      0.876 
193    0.84679       6652       1555         26        115      0.069      0.816      0.811      0.813      0.876 
194    0.86081       6653       1554         25        116      0.069      0.823      0.811      0.817      0.877 
195    0.85186       6651       1556         27        114      0.068      0.809      0.810      0.809      0.877 
196    0.85689       6650       1557         28        113      0.068      0.801      0.810      0.806      0.878 
197    0.84501       6651       1556         27        114      0.068      0.809      0.810      0.809      0.878 
198    0.83782       6652       1555         26        115      0.069      0.816      0.811      0.813      0.878 
199     0.8418       6651       1556         27        114      0.068      0.809      0.810      0.809      0.878 
200    0.84554       6650       1557         28        113      0.068      0.801      0.810      0.806      0.878 
201    0.83681       6650       1557         28        113      0.068      0.801      0.810      0.806      0.877 
202    0.85018       6649       1558         29        112      0.067      0.794      0.810      0.802      0.877 
203     0.8532       6650       1557         28        113      0.068      0.801      0.810      0.806      0.877 
204    0.85214       6650       1557         28        113      0.068      0.801      0.810      0.806      0.877 
205    0.84004       6649       1558         29        112      0.067      0.794      0.810      0.802      0.877 
206    0.84601       6649       1558         29        112      0.067      0.794      0.810      0.802      0.877 
207    0.84266       6649       1558         29        112      0.067      0.794      0.810      0.802      0.878 
208    0.85471       6651       1556         27        114      0.068      0.809      0.810      0.809      0.879 
209    0.84303       6651       1556         27        114      0.068      0.809      0.810      0.809      0.879 
210    0.85126       6651       1556         27        114      0.068      0.809      0.810      0.809      0.879 
211    0.83859       6650       1557         28        113      0.068      0.801      0.810      0.806      0.879 
212    0.84388       6650       1557         28        113      0.068      0.801      0.810      0.806      0.879 
213    0.85005       6650       1557         28        113      0.068      0.801      0.810      0.806      0.879 
214    0.82839       6649       1558         29        112      0.067      0.794      0.810      0.802      0.879 
215    0.84513       6650       1557         28        113      0.068      0.801      0.810      0.806      0.879 
216    0.83095       6651       1556         27        114      0.068      0.809      0.810      0.809      0.880 
217    0.82993       6650       1557         28        113      0.068      0.801      0.810      0.806      0.880 
218    0.84808       6649       1558         29        112      0.067      0.794      0.810      0.802      0.880 
219    0.83961       6649       1558         29        112      0.067      0.794      0.810      0.802      0.879 
220    0.83284       6649       1558         29        112      0.067      0.794      0.810      0.802      0.879 
221    0.83347       6649       1558         29        112      0.067      0.794      0.810      0.802      0.879 
222    0.83842       6650       1557         28        113      0.068      0.801      0.810      0.806      0.880 
223     0.8446       6651       1556         27        114      0.068      0.809      0.810      0.809      0.880 
224    0.85503       6651       1556         27        114      0.068      0.809      0.810      0.809      0.880 
225    0.83865       6650       1557         28        113      0.068      0.801      0.810      0.806      0.880 
226    0.81966       6651       1556         27        114      0.068      0.809      0.810      0.809      0.880 
227    0.83207       6652       1555         26        115      0.069      0.816      0.811      0.813      0.880 
228    0.82996       6651       1556         27        114      0.068      0.809      0.810      0.809      0.880 
229    0.82482       6651       1556         27        114      0.068      0.809      0.810      0.809      0.880 
230     0.8372       6651       1556         27        114      0.068      0.809      0.810      0.809      0.880 
231    0.83515       6649       1558         29        112      0.067      0.794      0.810      0.802      0.880 
232    0.83093       6648       1559         30        111      0.066      0.787      0.810      0.799      0.880 
233    0.83889       6648       1559         30        111      0.066      0.787      0.810      0.799      0.879 
234    0.81798       6648       1559         30        111      0.066      0.787      0.810      0.799      0.879 
235     0.8438       6649       1558         29        112      0.067      0.794      0.810      0.802      0.879 
236    0.84144       6650       1557         28        113      0.068      0.801      0.810      0.806      0.880 
237    0.83276       6650       1557         28        113      0.068      0.801      0.810      0.806      0.880 
238    0.81358       6651       1556         27        114      0.068      0.809      0.810      0.809      0.880 
239    0.83302       6650       1557         28        113      0.068      0.801      0.810      0.806      0.881 
240    0.83026       6650       1557         28        113      0.068      0.801      0.810      0.806      0.881 
241    0.83092       6651       1556         27        114      0.068      0.809      0.810      0.809      0.881 
242    0.81549       6650       1557         28        113      0.068      0.801      0.810      0.806      0.882 
243    0.83144       6653       1554         25        116      0.069      0.823      0.811      0.817      0.881 
244     0.8083       6651       1556         27        114      0.068      0.809      0.810      0.809      0.881 
245    0.82021       6650       1557         28        113      0.068      0.801      0.810      0.806      0.881 
246     0.8258       6650       1557         28        113      0.068      0.801      0.810      0.806      0.881 
247    0.82358       6650       1557         28        113      0.068      0.801      0.810      0.806      0.881 
248    0.83096       6651       1556         27        114      0.068      0.809      0.810      0.809      0.882 
249    0.83125       6652       1555         26        115      0.069      0.816      0.811      0.813      0.882 
250    0.83679       6652       1555         26        115      0.069      0.816      0.811      0.813      0.883 
251    0.82362       6651       1556         27        114      0.068      0.809      0.810      0.809      0.883 
252    0.82148       6651       1556         27        114      0.068      0.809      0.810      0.809      0.882 
253    0.82588       6651       1556         27        114      0.068      0.809      0.810      0.809      0.882 
254    0.82084       6652       1555         26        115      0.069      0.816      0.811      0.813      0.883 
255    0.83659       6651       1556         27        114      0.068      0.809      0.810      0.809      0.883 
256    0.81887       6651       1556         27        114      0.068      0.809      0.810      0.809      0.883 
257    0.81838       6650       1557         28        113      0.068      0.801      0.810      0.806      0.883 
258    0.82704       6651       1556         27        114      0.068      0.809      0.810      0.809      0.883 
259    0.83257       6651       1556         27        114      0.068      0.809      0.810      0.809      0.883 
260    0.81552       6651       1556         27        114      0.068      0.809      0.810      0.809      0.883 
261    0.82401       6651       1556         27        114      0.068      0.809      0.810      0.809      0.883 
262     0.8249       6651       1556         27        114      0.068      0.809      0.810      0.809      0.883 
263    0.81482       6649       1558         29        112      0.067      0.794      0.810      0.802      0.883 
264    0.82664       6649       1558         29        112      0.067      0.794      0.810      0.802      0.882 
265    0.81937       6650       1557         28        113      0.068      0.801      0.810      0.806      0.883 
266    0.82265       6651       1556         27        114      0.068      0.809      0.810      0.809      0.883 
267     0.8134       6650       1557         28        113      0.068      0.801      0.810      0.806      0.883 
268    0.82742       6651       1556         27        114      0.068      0.809      0.810      0.809      0.883 
269    0.80868       6651       1556         27        114      0.068      0.809      0.810      0.809      0.884 
270    0.81892       6651       1556         27        114      0.068      0.809      0.810      0.809      0.884 
271    0.81256       6652       1555         26        115      0.069      0.816      0.811      0.813      0.884 
272      0.801       6651       1556         27        114      0.068      0.809      0.810      0.809      0.884 
273    0.82901       6651       1556         27        114      0.068      0.809      0.810      0.809      0.884 
274    0.83291       6652       1555         26        115      0.069      0.816      0.811      0.813      0.884 
275    0.81727       6651       1556         27        114      0.068      0.809      0.810      0.809      0.884 
276    0.82453       6651       1556         27        114      0.068      0.809      0.810      0.809      0.884 
277    0.83134       6650       1557         28        113      0.068      0.801      0.810      0.806      0.884 
278    0.81336       6652       1555         26        115      0.069      0.816      0.811      0.813      0.884 
279    0.81356       6651       1556         27        114      0.068      0.809      0.810      0.809      0.884 
280    0.81662       6652       1555         26        115      0.069      0.816      0.811      0.813      0.884 
281    0.83656       6652       1555         26        115      0.069      0.816      0.811      0.813      0.884 
282    0.80467       6652       1555         26        115      0.069      0.816      0.811      0.813      0.884 
283    0.80984       6652       1555         26        115      0.069      0.816      0.811      0.813      0.885 
284    0.81746       6651       1556         27        114      0.068      0.809      0.810      0.809      0.885 
285    0.82204       6651       1556         27        114      0.068      0.809      0.810      0.809      0.885 
286    0.81603       6651       1556         27        114      0.068      0.809      0.810      0.809      0.885 
287    0.82692       6651       1556         27        114      0.068      0.809      0.810      0.809      0.885 
288    0.82419       6650       1557         28        113      0.068      0.801      0.810      0.806      0.885 
289    0.81469       6650       1557         28        113      0.068      0.801      0.810      0.806      0.885 
290    0.82594       6650       1557         28        113      0.068      0.801      0.810      0.806      0.884 
291    0.81927       6649       1558         29        112      0.067      0.794      0.810      0.802      0.883 
292    0.81777       6649       1558         29        112      0.067      0.794      0.810      0.802      0.883 
293    0.81158       6649       1558         29        112      0.067      0.794      0.810      0.802      0.883 
294    0.81585       6648       1559         30        111      0.066      0.787      0.810      0.799      0.882 
295    0.80431       6648       1559         30        111      0.066      0.787      0.810      0.799      0.881 
296    0.82065       6649       1558         29        112      0.067      0.794      0.810      0.802      0.883 
297    0.81163       6649       1558         29        112      0.067      0.794      0.810      0.802      0.883 
298    0.81187       6651       1556         27        114      0.068      0.809      0.810      0.809      0.883 
299    0.82113       6651       1556         27        114      0.068      0.809      0.810      0.809      0.883 
300    0.81645       6650       1557         28        113      0.068      0.801      0.810      0.806      0.883 
