# Number of nodes=10436; Number of edges=824342; Number of node features=5; Model: hgcn.
epoch       loss         tn         fp         fn         tp       prec        rec        acc       bacc        auc 
1     1.4997       6561       1646        117         24      0.014      0.170      0.789      0.485      0.402 
2     1.3834       6621       1586         57         84      0.050      0.596      0.803      0.701      0.787 
3     1.3308       6623       1584         55         86      0.051      0.610      0.804      0.708      0.813 
4     1.3237       6628       1579         50         91      0.054      0.645      0.805      0.726      0.821 
5     1.3177       6628       1579         50         91      0.054      0.645      0.805      0.726      0.826 
6     1.2945       6629       1578         49         92      0.055      0.652      0.805      0.730      0.830 
7     1.2712       6632       1575         46         95      0.057      0.674      0.806      0.741      0.834 
8     1.2483       6635       1572         43         98      0.059      0.695      0.807      0.752      0.837 
9     1.2378       6635       1572         43         98      0.059      0.695      0.807      0.752      0.838 
10     1.2127       6635       1572         43         98      0.059      0.695      0.807      0.752      0.840 
11     1.2056       6636       1571         42         99      0.059      0.702      0.807      0.755      0.842 
12      1.169       6635       1572         43         98      0.059      0.695      0.807      0.752      0.844 
13     1.1406       6637       1570         41        100      0.060      0.709      0.807      0.759      0.845 
14     1.1303       6636       1571         42         99      0.059      0.702      0.807      0.755      0.846 
15     1.0989       6636       1571         42         99      0.059      0.702      0.807      0.755      0.847 
16     1.0749       6637       1570         41        100      0.060      0.709      0.807      0.759      0.846 
17     1.0589       6638       1569         40        101      0.060      0.716      0.807      0.763      0.848 
18     1.0366       6639       1568         39        102      0.061      0.723      0.807      0.766      0.850 
19    0.99483       6639       1568         39        102      0.061      0.723      0.807      0.766      0.852 
20    0.99288       6640       1567         38        103      0.062      0.730      0.808      0.770      0.853 
21    0.98204       6640       1567         38        103      0.062      0.730      0.808      0.770      0.853 
22    0.96929       6639       1568         39        102      0.061      0.723      0.807      0.766      0.855 
23    0.97271       6640       1567         38        103      0.062      0.730      0.808      0.770      0.856 
24    0.95248       6640       1567         38        103      0.062      0.730      0.808      0.770      0.857 
25    0.95013       6639       1568         39        102      0.061      0.723      0.807      0.766      0.858 
26    0.94482       6639       1568         39        102      0.061      0.723      0.807      0.766      0.858 
27    0.94469       6639       1568         39        102      0.061      0.723      0.807      0.766      0.860 
28    0.94321       6637       1570         41        100      0.060      0.709      0.807      0.759      0.860 
29    0.94968       6638       1569         40        101      0.060      0.716      0.807      0.763      0.860 
30    0.94821       6637       1570         41        100      0.060      0.709      0.807      0.759      0.860 
31    0.95236       6636       1571         42         99      0.059      0.702      0.807      0.755      0.860 
32    0.95231       6636       1571         42         99      0.059      0.702      0.807      0.755      0.860 
33    0.96088       6636       1571         42         99      0.059      0.702      0.807      0.755      0.860 
34    0.92241       6637       1570         41        100      0.060      0.709      0.807      0.759      0.860 
35    0.95108       6636       1571         42         99      0.059      0.702      0.807      0.755      0.860 
36    0.96079       6636       1571         42         99      0.059      0.702      0.807      0.755      0.860 
37    0.93573       6636       1571         42         99      0.059      0.702      0.807      0.755      0.861 
38     0.9598       6636       1571         42         99      0.059      0.702      0.807      0.755      0.861 
39    0.94108       6637       1570         41        100      0.060      0.709      0.807      0.759      0.862 
40    0.92211       6638       1569         40        101      0.060      0.716      0.807      0.763      0.862 
41    0.93755       6638       1569         40        101      0.060      0.716      0.807      0.763      0.862 
42     0.9151       6640       1567         38        103      0.062      0.730      0.808      0.770      0.862 
43    0.92533       6640       1567         38        103      0.062      0.730      0.808      0.770      0.862 
44    0.91942       6639       1568         39        102      0.061      0.723      0.807      0.766      0.863 
45    0.92402       6640       1567         38        103      0.062      0.730      0.808      0.770      0.863 
46     0.9091       6639       1568         39        102      0.061      0.723      0.807      0.766      0.863 
47    0.91632       6639       1568         39        102      0.061      0.723      0.807      0.766      0.863 
48    0.91549       6640       1567         38        103      0.062      0.730      0.808      0.770      0.863 
49    0.93634       6640       1567         38        103      0.062      0.730      0.808      0.770      0.863 
50    0.93842       6639       1568         39        102      0.061      0.723      0.807      0.766      0.863 
51     0.9186       6640       1567         38        103      0.062      0.730      0.808      0.770      0.864 
52    0.91822       6640       1567         38        103      0.062      0.730      0.808      0.770      0.864 
53    0.92697       6640       1567         38        103      0.062      0.730      0.808      0.770      0.864 
54     0.9158       6639       1568         39        102      0.061      0.723      0.807      0.766      0.864 
55    0.91204       6638       1569         40        101      0.060      0.716      0.807      0.763      0.864 
56    0.91445       6639       1568         39        102      0.061      0.723      0.807      0.766      0.865 
57    0.92094       6639       1568         39        102      0.061      0.723      0.807      0.766      0.865 
58    0.90755       6638       1569         40        101      0.060      0.716      0.807      0.763      0.865 
59    0.90416       6639       1568         39        102      0.061      0.723      0.807      0.766      0.865 
60    0.91632       6639       1568         39        102      0.061      0.723      0.807      0.766      0.865 
61    0.92114       6639       1568         39        102      0.061      0.723      0.807      0.766      0.865 
62     0.9154       6639       1568         39        102      0.061      0.723      0.807      0.766      0.866 
63    0.91373       6639       1568         39        102      0.061      0.723      0.807      0.766      0.866 
64    0.91465       6639       1568         39        102      0.061      0.723      0.807      0.766      0.866 
65    0.90097       6640       1567         38        103      0.062      0.730      0.808      0.770      0.867 
66    0.90713       6640       1567         38        103      0.062      0.730      0.808      0.770      0.867 
67     0.9121       6640       1567         38        103      0.062      0.730      0.808      0.770      0.867 
68    0.91072       6641       1566         37        104      0.062      0.738      0.808      0.773      0.867 
69    0.93128       6640       1567         38        103      0.062      0.730      0.808      0.770      0.868 
70    0.90757       6640       1567         38        103      0.062      0.730      0.808      0.770      0.868 
71    0.92285       6640       1567         38        103      0.062      0.730      0.808      0.770      0.868 
72    0.90507       6641       1566         37        104      0.062      0.738      0.808      0.773      0.868 
73    0.92501       6639       1568         39        102      0.061      0.723      0.807      0.766      0.869 
74      0.913       6641       1566         37        104      0.062      0.738      0.808      0.773      0.869 
75    0.91847       6641       1566         37        104      0.062      0.738      0.808      0.773      0.869 
76    0.88943       6641       1566         37        104      0.062      0.738      0.808      0.773      0.869 
77    0.93263       6641       1566         37        104      0.062      0.738      0.808      0.773      0.869 
78    0.90386       6641       1566         37        104      0.062      0.738      0.808      0.773      0.869 
79     0.9175       6641       1566         37        104      0.062      0.738      0.808      0.773      0.870 
80    0.93462       6640       1567         38        103      0.062      0.730      0.808      0.770      0.869 
81    0.90803       6641       1566         37        104      0.062      0.738      0.808      0.773      0.869 
82     0.9277       6640       1567         38        103      0.062      0.730      0.808      0.770      0.869 
83    0.88994       6641       1566         37        104      0.062      0.738      0.808      0.773      0.870 
84    0.92788       6640       1567         38        103      0.062      0.730      0.808      0.770      0.870 
85    0.91275       6639       1568         39        102      0.061      0.723      0.807      0.766      0.869 
86    0.89754       6641       1566         37        104      0.062      0.738      0.808      0.773      0.869 
87    0.93304       6640       1567         38        103      0.062      0.730      0.808      0.770      0.870 
88     0.9015       6640       1567         38        103      0.062      0.730      0.808      0.770      0.871 
89    0.90065       6640       1567         38        103      0.062      0.730      0.808      0.770      0.871 
90    0.91089       6641       1566         37        104      0.062      0.738      0.808      0.773      0.871 
91    0.89998       6642       1565         36        105      0.063      0.745      0.808      0.777      0.871 
92    0.89821       6642       1565         36        105      0.063      0.745      0.808      0.777      0.871 
93    0.89573       6642       1565         36        105      0.063      0.745      0.808      0.777      0.872 
94    0.90821       6643       1564         35        106      0.063      0.752      0.808      0.781      0.872 
95    0.89588       6644       1563         34        107      0.064      0.759      0.809      0.784      0.872 
96    0.87584       6644       1563         34        107      0.064      0.759      0.809      0.784      0.872 
97    0.91509       6643       1564         35        106      0.063      0.752      0.808      0.781      0.872 
98    0.90203       6643       1564         35        106      0.063      0.752      0.808      0.781      0.873 
99    0.88483       6642       1565         36        105      0.063      0.745      0.808      0.777      0.873 
100     0.8849       6643       1564         35        106      0.063      0.752      0.808      0.781      0.873 
101     0.9027       6643       1564         35        106      0.063      0.752      0.808      0.781      0.873 
102    0.91179       6642       1565         36        105      0.063      0.745      0.808      0.777      0.874 
103    0.90193       6642       1565         36        105      0.063      0.745      0.808      0.777      0.874 
104    0.88618       6643       1564         35        106      0.063      0.752      0.808      0.781      0.874 
105    0.90286       6643       1564         35        106      0.063      0.752      0.808      0.781      0.874 
106    0.89837       6644       1563         34        107      0.064      0.759      0.809      0.784      0.874 
107    0.93084       6643       1564         35        106      0.063      0.752      0.808      0.781      0.875 
108    0.88091       6643       1564         35        106      0.063      0.752      0.808      0.781      0.876 
109    0.88208       6644       1563         34        107      0.064      0.759      0.809      0.784      0.876 
110    0.87779       6646       1561         32        109      0.065      0.773      0.809      0.791      0.876 
111    0.89091       6646       1561         32        109      0.065      0.773      0.809      0.791      0.876 
112    0.90264       6647       1560         31        110      0.066      0.780      0.809      0.795      0.876 
113    0.86655       6646       1561         32        109      0.065      0.773      0.809      0.791      0.877 
114    0.89483       6647       1560         31        110      0.066      0.780      0.809      0.795      0.877 
115    0.88723       6647       1560         31        110      0.066      0.780      0.809      0.795      0.876 
116    0.89368       6648       1559         30        111      0.066      0.787      0.810      0.799      0.877 
117    0.89536       6648       1559         30        111      0.066      0.787      0.810      0.799      0.877 
118    0.89356       6647       1560         31        110      0.066      0.780      0.809      0.795      0.877 
119    0.89729       6647       1560         31        110      0.066      0.780      0.809      0.795      0.877 
120    0.89144       6647       1560         31        110      0.066      0.780      0.809      0.795      0.877 
121    0.87548       6647       1560         31        110      0.066      0.780      0.809      0.795      0.877 
122     0.8935       6648       1559         30        111      0.066      0.787      0.810      0.799      0.878 
123    0.88875       6648       1559         30        111      0.066      0.787      0.810      0.799      0.878 
124    0.88749       6648       1559         30        111      0.066      0.787      0.810      0.799      0.878 
125    0.90171       6649       1558         29        112      0.067      0.794      0.810      0.802      0.878 
126    0.89255       6649       1558         29        112      0.067      0.794      0.810      0.802      0.879 
127    0.88402       6649       1558         29        112      0.067      0.794      0.810      0.802      0.878 
128    0.89696       6650       1557         28        113      0.068      0.801      0.810      0.806      0.878 
129    0.88511       6650       1557         28        113      0.068      0.801      0.810      0.806      0.879 
130    0.86064       6650       1557         28        113      0.068      0.801      0.810      0.806      0.880 
131    0.89956       6650       1557         28        113      0.068      0.801      0.810      0.806      0.879 
132     0.8745       6649       1558         29        112      0.067      0.794      0.810      0.802      0.879 
133     0.9116       6650       1557         28        113      0.068      0.801      0.810      0.806      0.880 
134    0.88625       6650       1557         28        113      0.068      0.801      0.810      0.806      0.880 
135    0.88682       6649       1558         29        112      0.067      0.794      0.810      0.802      0.880 
136    0.88538       6647       1560         31        110      0.066      0.780      0.809      0.795      0.879 
137    0.87012       6649       1558         29        112      0.067      0.794      0.810      0.802      0.879 
138    0.88691       6649       1558         29        112      0.067      0.794      0.810      0.802      0.880 
139    0.87668       6649       1558         29        112      0.067      0.794      0.810      0.802      0.880 
140    0.88656       6649       1558         29        112      0.067      0.794      0.810      0.802      0.880 
141    0.89634       6647       1560         31        110      0.066      0.780      0.809      0.795      0.879 
142    0.87531       6649       1558         29        112      0.067      0.794      0.810      0.802      0.880 
143     0.8845       6649       1558         29        112      0.067      0.794      0.810      0.802      0.881 
144    0.87804       6649       1558         29        112      0.067      0.794      0.810      0.802      0.881 
145    0.88891       6646       1561         32        109      0.065      0.773      0.809      0.791      0.880 
146    0.87777       6647       1560         31        110      0.066      0.780      0.809      0.795      0.880 
147    0.88009       6650       1557         28        113      0.068      0.801      0.810      0.806      0.881 
148    0.87614       6650       1557         28        113      0.068      0.801      0.810      0.806      0.882 
149      0.884       6651       1556         27        114      0.068      0.809      0.810      0.809      0.881 
150    0.87089       6651       1556         27        114      0.068      0.809      0.810      0.809      0.881 
151    0.86663       6651       1556         27        114      0.068      0.809      0.810      0.809      0.882 
152    0.88652       6651       1556         27        114      0.068      0.809      0.810      0.809      0.882 
153    0.88544       6652       1555         26        115      0.069      0.816      0.811      0.813      0.883 
154     0.8745       6651       1556         27        114      0.068      0.809      0.810      0.809      0.882 
155    0.87852       6651       1556         27        114      0.068      0.809      0.810      0.809      0.882 
156    0.87617       6651       1556         27        114      0.068      0.809      0.810      0.809      0.882 
157    0.86054       6650       1557         28        113      0.068      0.801      0.810      0.806      0.883 
158    0.87672       6650       1557         28        113      0.068      0.801      0.810      0.806      0.883 
159    0.86554       6651       1556         27        114      0.068      0.809      0.810      0.809      0.883 
160    0.85102       6651       1556         27        114      0.068      0.809      0.810      0.809      0.884 
161    0.85529       6651       1556         27        114      0.068      0.809      0.810      0.809      0.884 
162    0.85422       6652       1555         26        115      0.069      0.816      0.811      0.813      0.884 
163    0.86315       6650       1557         28        113      0.068      0.801      0.810      0.806      0.884 
164    0.87396       6651       1556         27        114      0.068      0.809      0.810      0.809      0.884 
165    0.87892       6652       1555         26        115      0.069      0.816      0.811      0.813      0.884 
166    0.87643       6652       1555         26        115      0.069      0.816      0.811      0.813      0.885 
167    0.88511       6651       1556         27        114      0.068      0.809      0.810      0.809      0.885 
168    0.87044       6651       1556         27        114      0.068      0.809      0.810      0.809      0.884 
169    0.87236       6651       1556         27        114      0.068      0.809      0.810      0.809      0.885 
170     0.8613       6651       1556         27        114      0.068      0.809      0.810      0.809      0.886 
171    0.88417       6651       1556         27        114      0.068      0.809      0.810      0.809      0.886 
172     0.8558       6652       1555         26        115      0.069      0.816      0.811      0.813      0.885 
173    0.86614       6651       1556         27        114      0.068      0.809      0.810      0.809      0.886 
174    0.87482       6651       1556         27        114      0.068      0.809      0.810      0.809      0.887 
175    0.87814       6651       1556         27        114      0.068      0.809      0.810      0.809      0.886 
176    0.85164       6652       1555         26        115      0.069      0.816      0.811      0.813      0.885 
177    0.88606       6652       1555         26        115      0.069      0.816      0.811      0.813      0.886 
178     0.8714       6652       1555         26        115      0.069      0.816      0.811      0.813      0.886 
179    0.85154       6653       1554         25        116      0.069      0.823      0.811      0.817      0.886 
180    0.88069       6653       1554         25        116      0.069      0.823      0.811      0.817      0.885 
181    0.87975       6651       1556         27        114      0.068      0.809      0.810      0.809      0.885 
182    0.84259       6651       1556         27        114      0.068      0.809      0.810      0.809      0.886 
183    0.86874       6651       1556         27        114      0.068      0.809      0.810      0.809      0.886 
184    0.84573       6651       1556         27        114      0.068      0.809      0.810      0.809      0.886 
185     0.8523       6653       1554         25        116      0.069      0.823      0.811      0.817      0.887 
186     0.8758       6653       1554         25        116      0.069      0.823      0.811      0.817      0.887 
187    0.86307       6651       1556         27        114      0.068      0.809      0.810      0.809      0.888 
188    0.86689       6653       1554         25        116      0.069      0.823      0.811      0.817      0.888 
189     0.8667       6653       1554         25        116      0.069      0.823      0.811      0.817      0.888 
190    0.87075       6653       1554         25        116      0.069      0.823      0.811      0.817      0.888 
191     0.8537       6652       1555         26        115      0.069      0.816      0.811      0.813      0.889 
192    0.88367       6653       1554         25        116      0.069      0.823      0.811      0.817      0.889 
193    0.86631       6653       1554         25        116      0.069      0.823      0.811      0.817      0.888 
194    0.83821       6653       1554         25        116      0.069      0.823      0.811      0.817      0.888 
195    0.88866       6652       1555         26        115      0.069      0.816      0.811      0.813      0.888 
196     0.8537       6653       1554         25        116      0.069      0.823      0.811      0.817      0.889 
197     0.8441       6653       1554         25        116      0.069      0.823      0.811      0.817      0.889 
198    0.85644       6653       1554         25        116      0.069      0.823      0.811      0.817      0.889 
199    0.87614       6651       1556         27        114      0.068      0.809      0.810      0.809      0.890 
200    0.86244       6652       1555         26        115      0.069      0.816      0.811      0.813      0.890 
201    0.88319       6653       1554         25        116      0.069      0.823      0.811      0.817      0.889 
202    0.85332       6653       1554         25        116      0.069      0.823      0.811      0.817      0.889 
203    0.86304       6653       1554         25        116      0.069      0.823      0.811      0.817      0.889 
204    0.84587       6650       1557         28        113      0.068      0.801      0.810      0.806      0.889 
205    0.83273       6650       1557         28        113      0.068      0.801      0.810      0.806      0.887 
206    0.84944       6651       1556         27        114      0.068      0.809      0.810      0.809      0.887 
207     0.8702       6652       1555         26        115      0.069      0.816      0.811      0.813      0.888 
208    0.85466       6651       1556         27        114      0.068      0.809      0.810      0.809      0.890 
209    0.85059       6651       1556         27        114      0.068      0.809      0.810      0.809      0.890 
210      0.855       6651       1556         27        114      0.068      0.809      0.810      0.809      0.889 
211    0.85428       6652       1555         26        115      0.069      0.816      0.811      0.813      0.888 
212    0.85254       6652       1555         26        115      0.069      0.816      0.811      0.813      0.889 
213    0.84804       6651       1556         27        114      0.068      0.809      0.810      0.809      0.890 
214     0.8372       6653       1554         25        116      0.069      0.823      0.811      0.817      0.890 
215    0.87616       6653       1554         25        116      0.069      0.823      0.811      0.817      0.888 
216    0.87939       6652       1555         26        115      0.069      0.816      0.811      0.813      0.889 
217    0.86006       6653       1554         25        116      0.069      0.823      0.811      0.817      0.890 
218    0.85878       6653       1554         25        116      0.069      0.823      0.811      0.817      0.891 
219    0.87475       6653       1554         25        116      0.069      0.823      0.811      0.817      0.891 
220    0.84436       6653       1554         25        116      0.069      0.823      0.811      0.817      0.891 
221    0.84706       6651       1556         27        114      0.068      0.809      0.810      0.809      0.891 
222    0.85166       6651       1556         27        114      0.068      0.809      0.810      0.809      0.892 
223    0.83978       6653       1554         25        116      0.069      0.823      0.811      0.817      0.891 
224    0.84147       6652       1555         26        115      0.069      0.816      0.811      0.813      0.891 
225    0.86365       6652       1555         26        115      0.069      0.816      0.811      0.813      0.891 
226    0.84749       6652       1555         26        115      0.069      0.816      0.811      0.813      0.892 
227    0.85257       6651       1556         27        114      0.068      0.809      0.810      0.809      0.892 
228    0.84262       6651       1556         27        114      0.068      0.809      0.810      0.809      0.891 
229    0.83738       6652       1555         26        115      0.069      0.816      0.811      0.813      0.891 
230    0.84963       6650       1557         28        113      0.068      0.801      0.810      0.806      0.892 
231    0.84051       6651       1556         27        114      0.068      0.809      0.810      0.809      0.893 
232    0.86858       6651       1556         27        114      0.068      0.809      0.810      0.809      0.893 
233    0.83838       6651       1556         27        114      0.068      0.809      0.810      0.809      0.892 
234    0.84784       6651       1556         27        114      0.068      0.809      0.810      0.809      0.893 
235    0.83055       6651       1556         27        114      0.068      0.809      0.810      0.809      0.894 
236    0.85124       6651       1556         27        114      0.068      0.809      0.810      0.809      0.893 
237    0.85949       6653       1554         25        116      0.069      0.823      0.811      0.817      0.891 
238    0.85722       6653       1554         25        116      0.069      0.823      0.811      0.817      0.892 
239     0.8189       6650       1557         28        113      0.068      0.801      0.810      0.806      0.894 
240    0.84715       6651       1556         27        114      0.068      0.809      0.810      0.809      0.894 
241    0.84102       6652       1555         26        115      0.069      0.816      0.811      0.813      0.893 
242    0.83647       6650       1557         28        113      0.068      0.801      0.810      0.806      0.893 
243    0.84586       6652       1555         26        115      0.069      0.816      0.811      0.813      0.893 
244    0.83808       6651       1556         27        114      0.068      0.809      0.810      0.809      0.894 
245    0.84893       6651       1556         27        114      0.068      0.809      0.810      0.809      0.894 
246     0.8329       6652       1555         26        115      0.069      0.816      0.811      0.813      0.892 
247    0.84761       6652       1555         26        115      0.069      0.816      0.811      0.813      0.891 
248    0.85159       6651       1556         27        114      0.068      0.809      0.810      0.809      0.893 
249    0.87008       6651       1556         27        114      0.068      0.809      0.810      0.809      0.895 
250    0.84679       6651       1556         27        114      0.068      0.809      0.810      0.809      0.895 
251    0.83746       6653       1554         25        116      0.069      0.823      0.811      0.817      0.894 
252    0.83449       6652       1555         26        115      0.069      0.816      0.811      0.813      0.894 
253    0.83091       6652       1555         26        115      0.069      0.816      0.811      0.813      0.895 
254     0.8236       6651       1556         27        114      0.068      0.809      0.810      0.809      0.896 
255    0.84842       6652       1555         26        115      0.069      0.816      0.811      0.813      0.894 
256    0.83042       6651       1556         27        114      0.068      0.809      0.810      0.809      0.892 
257    0.86009       6651       1556         27        114      0.068      0.809      0.810      0.809      0.891 
258    0.88831       6651       1556         27        114      0.068      0.809      0.810      0.809      0.894 
259    0.85129       6652       1555         26        115      0.069      0.816      0.811      0.813      0.896 
260    0.83211       6652       1555         26        115      0.069      0.816      0.811      0.813      0.895 
261    0.81786       6654       1553         24        117      0.070      0.830      0.811      0.820      0.893 
262    0.85346       6654       1553         24        117      0.070      0.830      0.811      0.820      0.892 
263    0.84764       6654       1553         24        117      0.070      0.830      0.811      0.820      0.894 
264    0.85074       6652       1555         26        115      0.069      0.816      0.811      0.813      0.896 
265    0.81002       6651       1556         27        114      0.068      0.809      0.810      0.809      0.898 
266    0.82931       6652       1555         26        115      0.069      0.816      0.811      0.813      0.897 
267    0.83468       6652       1555         26        115      0.069      0.816      0.811      0.813      0.894 
268    0.84519       6652       1555         26        115      0.069      0.816      0.811      0.813      0.894 
269    0.83969       6654       1553         24        117      0.070      0.830      0.811      0.820      0.897 
270     0.8408       6651       1556         27        114      0.068      0.809      0.810      0.809      0.898 
271     0.8333       6651       1556         27        114      0.068      0.809      0.810      0.809      0.897 
272    0.80816       6653       1554         25        116      0.069      0.823      0.811      0.817      0.897 
273    0.81686       6654       1553         24        117      0.070      0.830      0.811      0.820      0.897 
274    0.82243       6652       1555         26        115      0.069      0.816      0.811      0.813      0.898 
275     0.8292       6651       1556         27        114      0.068      0.809      0.810      0.809      0.898 
276    0.84323       6653       1554         25        116      0.069      0.823      0.811      0.817      0.898 
277    0.84386       6652       1555         26        115      0.069      0.816      0.811      0.813      0.897 
278    0.83456       6651       1556         27        114      0.068      0.809      0.810      0.809      0.897 
279    0.81259       6653       1554         25        116      0.069      0.823      0.811      0.817      0.899 
280    0.80877       6650       1557         28        113      0.068      0.801      0.810      0.806      0.899 
281    0.82894       6654       1553         24        117      0.070      0.830      0.811      0.820      0.898 
282    0.81487       6654       1553         24        117      0.070      0.830      0.811      0.820      0.898 
283    0.81123       6654       1553         24        117      0.070      0.830      0.811      0.820      0.898 
284    0.81087       6651       1556         27        114      0.068      0.809      0.810      0.809      0.899 
285    0.81535       6652       1555         26        115      0.069      0.816      0.811      0.813      0.899 
286     0.8331       6652       1555         26        115      0.069      0.816      0.811      0.813      0.899 
287    0.81109       6653       1554         25        116      0.069      0.823      0.811      0.817      0.899 
288    0.82997       6653       1554         25        116      0.069      0.823      0.811      0.817      0.899 
289    0.81479       6652       1555         26        115      0.069      0.816      0.811      0.813      0.898 
290    0.82843       6653       1554         25        116      0.069      0.823      0.811      0.817      0.899 
291    0.83682       6651       1556         27        114      0.068      0.809      0.810      0.809      0.900 
292    0.81064       6652       1555         26        115      0.069      0.816      0.811      0.813      0.900 
293    0.83012       6653       1554         25        116      0.069      0.823      0.811      0.817      0.900 
294    0.82836       6653       1554         25        116      0.069      0.823      0.811      0.817      0.899 
295    0.84052       6653       1554         25        116      0.069      0.823      0.811      0.817      0.901 
296    0.80613       6652       1555         26        115      0.069      0.816      0.811      0.813      0.901 
297    0.86461       6653       1554         25        116      0.069      0.823      0.811      0.817      0.900 
298    0.80281       6654       1553         24        117      0.070      0.830      0.811      0.820      0.899 
299    0.84757       6652       1555         26        115      0.069      0.816      0.811      0.813      0.900 
300    0.80421       6654       1553         24        117      0.070      0.830      0.811      0.820      0.900 
