# Number of nodes=10436; Number of edges=824342; Number of node features=5; Model: gtn.
epoch       loss         tn         fp         fn         tp       prec        rec        acc       bacc        auc 
1     1.8253       8287       1972         61        116      0.056      0.655      0.805      0.732      0.819 
2     1.7876       8248       2011        100         77      0.037      0.435      0.798      0.620      0.625 
3     1.5105       8247       2012        101         76      0.036      0.429      0.798      0.617      0.636 
4     1.4181       8267       1992         81         96      0.046      0.542      0.801      0.674      0.719 
5     1.2625       8276       1983         72        105      0.050      0.593      0.803      0.700      0.768 
6     1.1822       8284       1975         64        113      0.054      0.638      0.805      0.723      0.792 
7     1.2147       8287       1972         61        116      0.056      0.655      0.805      0.732      0.796 
8     1.2095       8287       1972         61        116      0.056      0.655      0.805      0.732      0.795 
9     1.1935       8284       1975         64        113      0.054      0.638      0.805      0.723      0.792 
10     1.1225       8285       1974         63        114      0.055      0.644      0.805      0.726      0.792 
11     1.0967       8284       1975         64        113      0.054      0.638      0.805      0.723      0.793 
12     1.0968       8284       1975         64        113      0.054      0.638      0.805      0.723      0.794 
13     1.0887       8285       1974         63        114      0.055      0.644      0.805      0.726      0.797 
14     1.0682       8288       1971         60        117      0.056      0.661      0.805      0.734      0.803 
15     1.0382       8289       1970         59        118      0.057      0.667      0.806      0.737      0.812 
16     1.0302       8294       1965         54        123      0.059      0.695      0.807      0.752      0.823 
17     1.0281       8297       1962         51        126      0.060      0.712      0.807      0.760      0.841 
18      1.011       8304       1955         44        133      0.064      0.751      0.808      0.780      0.856 
19     1.0107       8307       1952         41        136      0.065      0.768      0.809      0.789      0.863 
20    0.96528       8304       1955         44        133      0.064      0.751      0.808      0.780      0.860 
21    0.98733       8300       1959         48        129      0.062      0.729      0.808      0.769      0.858 
22    0.95554       8302       1957         46        131      0.063      0.740      0.808      0.775      0.861 
23    0.95369       8302       1957         46        131      0.063      0.740      0.808      0.775      0.866 
24    0.92084       8306       1953         42        135      0.065      0.763      0.809      0.786      0.871 
25    0.92927       8308       1951         40        137      0.066      0.774      0.809      0.792      0.874 
26      0.901       8312       1947         36        141      0.068      0.797      0.810      0.803      0.878 
27    0.90171       8308       1951         40        137      0.066      0.774      0.809      0.792      0.880 
28    0.89212       8310       1949         38        139      0.067      0.785      0.810      0.798      0.881 
29    0.85968       8309       1950         39        138      0.066      0.780      0.809      0.795      0.882 
30    0.89489       8309       1950         39        138      0.066      0.780      0.809      0.795      0.885 
31    0.88048       8310       1949         38        139      0.067      0.785      0.810      0.798      0.887 
32    0.89231       8311       1948         37        140      0.067      0.791      0.810      0.801      0.888 
33    0.86037       8309       1950         39        138      0.066      0.780      0.809      0.795      0.890 
34    0.88566       8309       1950         39        138      0.066      0.780      0.809      0.795      0.892 
35     0.8481       8309       1950         39        138      0.066      0.780      0.809      0.795      0.894 
36    0.84022       8310       1949         38        139      0.067      0.785      0.810      0.798      0.894 
37    0.85474       8311       1948         37        140      0.067      0.791      0.810      0.801      0.896 
38     0.8272       8311       1948         37        140      0.067      0.791      0.810      0.801      0.898 
39    0.83293       8311       1948         37        140      0.067      0.791      0.810      0.801      0.900 
40    0.80325       8311       1948         37        140      0.067      0.791      0.810      0.801      0.901 
41    0.80907       8312       1947         36        141      0.068      0.797      0.810      0.803      0.901 
42    0.81368       8312       1947         36        141      0.068      0.797      0.810      0.803      0.902 
43    0.75821       8312       1947         36        141      0.068      0.797      0.810      0.803      0.901 
44    0.80861       8314       1945         34        143      0.068      0.808      0.810      0.809      0.905 
45    0.80863       8318       1941         30        147      0.070      0.831      0.811      0.821      0.908 
46    0.80913       8317       1942         31        146      0.070      0.825      0.811      0.818      0.910 
47    0.75966       8317       1942         31        146      0.070      0.825      0.811      0.818      0.910 
48    0.82063       8318       1941         30        147      0.070      0.831      0.811      0.821      0.911 
49    0.77158       8317       1942         31        146      0.070      0.825      0.811      0.818      0.912 
50    0.75074       8318       1941         30        147      0.070      0.831      0.811      0.821      0.912 
51    0.78724       8320       1939         28        149      0.071      0.842      0.812      0.826      0.913 
52    0.78024       8321       1938         27        150      0.072      0.847      0.812      0.829      0.913 
53    0.76417       8320       1939         28        149      0.071      0.842      0.812      0.826      0.913 
54    0.75942       8320       1939         28        149      0.071      0.842      0.812      0.826      0.913 
55    0.74291       8322       1937         26        151      0.072      0.853      0.812      0.832      0.914 
56    0.73914       8321       1938         27        150      0.072      0.847      0.812      0.829      0.915 
57     0.7838       8323       1936         25        152      0.073      0.859      0.812      0.835      0.916 
58    0.75401       8324       1935         24        153      0.073      0.864      0.812      0.838      0.916 
59    0.73347       8325       1934         23        154      0.074      0.870      0.812      0.841      0.917 
60     0.7355       8326       1933         22        155      0.074      0.876      0.813      0.844      0.917 
61    0.78045       8325       1934         23        154      0.074      0.870      0.812      0.841      0.918 
62    0.75947       8324       1935         24        153      0.073      0.864      0.812      0.838      0.918 
63     0.7354       8324       1935         24        153      0.073      0.864      0.812      0.838      0.919 
64    0.74018       8324       1935         24        153      0.073      0.864      0.812      0.838      0.920 
65    0.78521       8323       1936         25        152      0.073      0.859      0.812      0.835      0.921 
66    0.73347       8326       1933         22        155      0.074      0.876      0.813      0.844      0.921 
67    0.73355       8326       1933         22        155      0.074      0.876      0.813      0.844      0.921 
68    0.72428       8324       1935         24        153      0.073      0.864      0.812      0.838      0.920 
69     0.7237       8325       1934         23        154      0.074      0.870      0.812      0.841      0.920 
70    0.72954       8326       1933         22        155      0.074      0.876      0.813      0.844      0.920 
71    0.70935       8325       1934         23        154      0.074      0.870      0.812      0.841      0.922 
72    0.74363       8323       1936         25        152      0.073      0.859      0.812      0.835      0.925 
73    0.71288       8324       1935         24        153      0.073      0.864      0.812      0.838      0.926 
74    0.73192       8326       1933         22        155      0.074      0.876      0.813      0.844      0.926 
75     0.7145       8327       1932         21        156      0.075      0.881      0.813      0.847      0.926 
76    0.70383       8329       1930         19        158      0.076      0.893      0.813      0.852      0.926 
77     0.6861       8329       1930         19        158      0.076      0.893      0.813      0.852      0.925 
78    0.71724       8329       1930         19        158      0.076      0.893      0.813      0.852      0.924 
79    0.67254       8331       1928         17        160      0.077      0.904      0.814      0.858      0.925 
80    0.72566       8330       1929         18        159      0.076      0.898      0.813      0.855      0.925 
81    0.71966       8329       1930         19        158      0.076      0.893      0.813      0.852      0.925 
82    0.72377       8328       1931         20        157      0.075      0.887      0.813      0.849      0.925 
83    0.72039       8328       1931         20        157      0.075      0.887      0.813      0.849      0.924 
84    0.67589       8330       1929         18        159      0.076      0.898      0.813      0.855      0.924 
85     0.6814       8332       1927         16        161      0.077      0.910      0.814      0.861      0.926 
86    0.69954       8332       1927         16        161      0.077      0.910      0.814      0.861      0.927 
87    0.70862       8329       1930         19        158      0.076      0.893      0.813      0.852      0.928 
88     0.6758       8329       1930         19        158      0.076      0.893      0.813      0.852      0.928 
89    0.69767       8329       1930         19        158      0.076      0.893      0.813      0.852      0.929 
90    0.68492       8329       1930         19        158      0.076      0.893      0.813      0.852      0.930 
91    0.67554       8330       1929         18        159      0.076      0.898      0.813      0.855      0.931 
92    0.65039       8331       1928         17        160      0.077      0.904      0.814      0.858      0.930 
93    0.69616       8331       1928         17        160      0.077      0.904      0.814      0.858      0.929 
94    0.64573       8333       1926         15        162      0.078      0.915      0.814      0.864      0.930 
95    0.67108       8329       1930         19        158      0.076      0.893      0.813      0.852      0.929 
96     0.6547       8329       1930         19        158      0.076      0.893      0.813      0.852      0.927 
97    0.65923       8329       1930         19        158      0.076      0.893      0.813      0.852      0.924 
98    0.66095       8332       1927         16        161      0.077      0.910      0.814      0.861      0.924 
99    0.66663       8332       1927         16        161      0.077      0.910      0.814      0.861      0.926 
100    0.66989       8334       1925         14        163      0.078      0.921      0.814      0.867      0.928 
101     0.6462       8333       1926         15        162      0.078      0.915      0.814      0.864      0.929 
102    0.65211       8333       1926         15        162      0.078      0.915      0.814      0.864      0.929 
103    0.62666       8333       1926         15        162      0.078      0.915      0.814      0.864      0.928 
104    0.62514       8333       1926         15        162      0.078      0.915      0.814      0.864      0.928 
105    0.66253       8332       1927         16        161      0.077      0.910      0.814      0.861      0.928 
106    0.60486       8333       1926         15        162      0.078      0.915      0.814      0.864      0.928 
107    0.66578       8334       1925         14        163      0.078      0.921      0.814      0.867      0.929 
108    0.68163       8334       1925         14        163      0.078      0.921      0.814      0.867      0.930 
109    0.62977       8335       1924         13        164      0.079      0.927      0.814      0.870      0.931 
110    0.61392       8334       1925         14        163      0.078      0.921      0.814      0.867      0.930 
111    0.64546       8332       1927         16        161      0.077      0.910      0.814      0.861      0.930 
112    0.62046       8332       1927         16        161      0.077      0.910      0.814      0.861      0.931 
113    0.60077       8331       1928         17        160      0.077      0.904      0.814      0.858      0.932 
114    0.62646       8331       1928         17        160      0.077      0.904      0.814      0.858      0.933 
115    0.62787       8332       1927         16        161      0.077      0.910      0.814      0.861      0.932 
116    0.61986       8333       1926         15        162      0.078      0.915      0.814      0.864      0.932 
117    0.63712       8331       1928         17        160      0.077      0.904      0.814      0.858      0.931 
118    0.62553       8331       1928         17        160      0.077      0.904      0.814      0.858      0.931 
119      0.621       8332       1927         16        161      0.077      0.910      0.814      0.861      0.930 
120     0.6178       8334       1925         14        163      0.078      0.921      0.814      0.867      0.930 
121    0.61846       8335       1924         13        164      0.079      0.927      0.814      0.870      0.931 
122    0.61448       8335       1924         13        164      0.079      0.927      0.814      0.870      0.932 
123    0.58672       8333       1926         15        162      0.078      0.915      0.814      0.864      0.934 
124    0.61519       8334       1925         14        163      0.078      0.921      0.814      0.867      0.936 
125    0.62156       8335       1924         13        164      0.079      0.927      0.814      0.870      0.937 
126    0.59584       8335       1924         13        164      0.079      0.927      0.814      0.870      0.938 
127    0.60605       8336       1923         12        165      0.079      0.932      0.815      0.872      0.937 
128    0.56003       8336       1923         12        165      0.079      0.932      0.815      0.872      0.936 
129    0.63953       8335       1924         13        164      0.079      0.927      0.814      0.870      0.937 
130    0.58303       8336       1923         12        165      0.079      0.932      0.815      0.872      0.937 
131     0.6346       8337       1922         11        166      0.080      0.938      0.815      0.875      0.938 
132    0.60597       8337       1922         11        166      0.080      0.938      0.815      0.875      0.940 
133     0.6074       8338       1921         10        167      0.080      0.944      0.815      0.878      0.940 
134    0.58508       8337       1922         11        166      0.080      0.938      0.815      0.875      0.942 
135    0.57625       8337       1922         11        166      0.080      0.938      0.815      0.875      0.943 
136    0.57518       8337       1922         11        166      0.080      0.938      0.815      0.875      0.943 
137    0.53227       8336       1923         12        165      0.079      0.932      0.815      0.872      0.941 
138    0.55275       8336       1923         12        165      0.079      0.932      0.815      0.872      0.940 
139    0.55571       8336       1923         12        165      0.079      0.932      0.815      0.872      0.941 
140    0.55921       8336       1923         12        165      0.079      0.932      0.815      0.872      0.940 
141    0.56002       8336       1923         12        165      0.079      0.932      0.815      0.872      0.939 
142    0.57532       8338       1921         10        167      0.080      0.944      0.815      0.878      0.939 
143    0.55201       8337       1922         11        166      0.080      0.938      0.815      0.875      0.940 
144    0.60043       8337       1922         11        166      0.080      0.938      0.815      0.875      0.940 
145    0.58814       8336       1923         12        165      0.079      0.932      0.815      0.872      0.941 
146     0.5688       8337       1922         11        166      0.080      0.938      0.815      0.875      0.941 
147    0.56277       8337       1922         11        166      0.080      0.938      0.815      0.875      0.941 
148    0.54614       8337       1922         11        166      0.080      0.938      0.815      0.875      0.942 
149    0.58926       8337       1922         11        166      0.080      0.938      0.815      0.875      0.942 
150    0.51263       8336       1923         12        165      0.079      0.932      0.815      0.872      0.942 
151    0.50964       8337       1922         11        166      0.080      0.938      0.815      0.875      0.941 
152    0.57878       8336       1923         12        165      0.079      0.932      0.815      0.872      0.940 
153    0.57524       8335       1924         13        164      0.079      0.927      0.814      0.870      0.940 
154    0.56536       8336       1923         12        165      0.079      0.932      0.815      0.872      0.937 
155    0.59307       8336       1923         12        165      0.079      0.932      0.815      0.872      0.937 
156    0.58547       8338       1921         10        167      0.080      0.944      0.815      0.878      0.938 
157     0.5725       8338       1921         10        167      0.080      0.944      0.815      0.878      0.939 
158    0.56346       8338       1921         10        167      0.080      0.944      0.815      0.878      0.941 
159    0.55286       8338       1921         10        167      0.080      0.944      0.815      0.878      0.941 
160    0.61491       8339       1920          9        168      0.080      0.949      0.815      0.881      0.943 
161    0.54383       8338       1921         10        167      0.080      0.944      0.815      0.878      0.943 
162     0.5657       8338       1921         10        167      0.080      0.944      0.815      0.878      0.944 
163    0.58065       8340       1919          8        169      0.081      0.955      0.815      0.884      0.946 
164    0.55383       8341       1918          7        170      0.081      0.960      0.816      0.887      0.946 
165    0.51361       8341       1918          7        170      0.081      0.960      0.816      0.887      0.947 
166     0.5485       8342       1917          6        171      0.082      0.966      0.816      0.890      0.947 
167    0.53352       8342       1917          6        171      0.082      0.966      0.816      0.890      0.947 
168    0.52635       8341       1918          7        170      0.081      0.960      0.816      0.887      0.948 
169    0.52995       8341       1918          7        170      0.081      0.960      0.816      0.887      0.950 
170    0.56112       8341       1918          7        170      0.081      0.960      0.816      0.887      0.951 
171      0.541       8342       1917          6        171      0.082      0.966      0.816      0.890      0.950 
172    0.53633       8342       1917          6        171      0.082      0.966      0.816      0.890      0.949 
173    0.56648       8342       1917          6        171      0.082      0.966      0.816      0.890      0.948 
174    0.54691       8342       1917          6        171      0.082      0.966      0.816      0.890      0.949 
175    0.53382       8341       1918          7        170      0.081      0.960      0.816      0.887      0.949 
176    0.52119       8341       1918          7        170      0.081      0.960      0.816      0.887      0.948 
177    0.51286       8339       1920          9        168      0.080      0.949      0.815      0.881      0.945 
178    0.51578       8338       1921         10        167      0.080      0.944      0.815      0.878      0.945 
179    0.51586       8338       1921         10        167      0.080      0.944      0.815      0.878      0.945 
180    0.53183       8338       1921         10        167      0.080      0.944      0.815      0.878      0.945 
181    0.53023       8338       1921         10        167      0.080      0.944      0.815      0.878      0.945 
182    0.48357       8338       1921         10        167      0.080      0.944      0.815      0.878      0.946 
183      0.512       8338       1921         10        167      0.080      0.944      0.815      0.878      0.947 
184    0.58479       8339       1920          9        168      0.080      0.949      0.815      0.881      0.947 
185    0.54152       8334       1925         14        163      0.078      0.921      0.814      0.867      0.937 
186    0.59677       8335       1924         13        164      0.079      0.927      0.814      0.870      0.935 
187    0.58214       8333       1926         15        162      0.078      0.915      0.814      0.864      0.934 
188    0.58686       8334       1925         14        163      0.078      0.921      0.814      0.867      0.939 
189    0.58153       8335       1924         13        164      0.079      0.927      0.814      0.870      0.942 
190    0.57583       8335       1924         13        164      0.079      0.927      0.814      0.870      0.942 
191    0.54995       8336       1923         12        165      0.079      0.932      0.815      0.872      0.940 
192    0.55359       8337       1922         11        166      0.080      0.938      0.815      0.875      0.939 
193    0.55097       8337       1922         11        166      0.080      0.938      0.815      0.875      0.939 
194    0.57085       8338       1921         10        167      0.080      0.944      0.815      0.878      0.940 
195    0.59616       8338       1921         10        167      0.080      0.944      0.815      0.878      0.941 
196     0.5992       8339       1920          9        168      0.080      0.949      0.815      0.881      0.942 
197     0.5318       8339       1920          9        168      0.080      0.949      0.815      0.881      0.943 
198    0.55221       8340       1919          8        169      0.081      0.955      0.815      0.884      0.944 
199    0.51706       8341       1918          7        170      0.081      0.960      0.816      0.887      0.944 
200    0.54161       8341       1918          7        170      0.081      0.960      0.816      0.887      0.946 
201     0.5202       8341       1918          7        170      0.081      0.960      0.816      0.887      0.946 
202     0.5093       8341       1918          7        170      0.081      0.960      0.816      0.887      0.947 
203    0.53291       8339       1920          9        168      0.080      0.949      0.815      0.881      0.946 
204    0.52919       8338       1921         10        167      0.080      0.944      0.815      0.878      0.945 
205    0.54392       8337       1922         11        166      0.080      0.938      0.815      0.875      0.944 
206    0.49736       8337       1922         11        166      0.080      0.938      0.815      0.875      0.941 
207    0.53232       8338       1921         10        167      0.080      0.944      0.815      0.878      0.939 
208    0.51348       8338       1921         10        167      0.080      0.944      0.815      0.878      0.941 
209    0.51732       8338       1921         10        167      0.080      0.944      0.815      0.878      0.942 
210    0.53323       8338       1921         10        167      0.080      0.944      0.815      0.878      0.943 
211    0.52018       8337       1922         11        166      0.080      0.938      0.815      0.875      0.944 
212    0.53353       8338       1921         10        167      0.080      0.944      0.815      0.878      0.945 
213    0.53953       8338       1921         10        167      0.080      0.944      0.815      0.878      0.946 
214    0.46892       8338       1921         10        167      0.080      0.944      0.815      0.878      0.946 
215    0.52626       8338       1921         10        167      0.080      0.944      0.815      0.878      0.946 
216    0.56221       8338       1921         10        167      0.080      0.944      0.815      0.878      0.947 
217    0.48777       8339       1920          9        168      0.080      0.949      0.815      0.881      0.948 
218    0.48994       8339       1920          9        168      0.080      0.949      0.815      0.881      0.947 
219    0.51121       8339       1920          9        168      0.080      0.949      0.815      0.881      0.947 
220    0.49276       8339       1920          9        168      0.080      0.949      0.815      0.881      0.946 
221    0.46173       8340       1919          8        169      0.081      0.955      0.815      0.884      0.945 
222    0.50914       8340       1919          8        169      0.081      0.955      0.815      0.884      0.946 
223    0.45033       8339       1920          9        168      0.080      0.949      0.815      0.881      0.946 
224    0.49733       8338       1921         10        167      0.080      0.944      0.815      0.878      0.947 
225    0.44758       8339       1920          9        168      0.080      0.949      0.815      0.881      0.947 
226    0.47981       8338       1921         10        167      0.080      0.944      0.815      0.878      0.947 
227    0.49223       8337       1922         11        166      0.080      0.938      0.815      0.875      0.948 
228    0.47326       8336       1923         12        165      0.079      0.932      0.815      0.872      0.948 
229    0.47839       8336       1923         12        165      0.079      0.932      0.815      0.872      0.948 
230      0.552       8336       1923         12        165      0.079      0.932      0.815      0.872      0.948 
231    0.47313       8335       1924         13        164      0.079      0.927      0.814      0.870      0.948 
232    0.45712       8335       1924         13        164      0.079      0.927      0.814      0.870      0.947 
233    0.44979       8335       1924         13        164      0.079      0.927      0.814      0.870      0.945 
234    0.50661       8334       1925         14        163      0.078      0.921      0.814      0.867      0.940 
235    0.46626       8335       1924         13        164      0.079      0.927      0.814      0.870      0.942 
236    0.44923       8336       1923         12        165      0.079      0.932      0.815      0.872      0.943 
237    0.45987       8337       1922         11        166      0.080      0.938      0.815      0.875      0.944 
238    0.45689       8337       1922         11        166      0.080      0.938      0.815      0.875      0.947 
239    0.44444       8338       1921         10        167      0.080      0.944      0.815      0.878      0.947 
240     0.4831       8338       1921         10        167      0.080      0.944      0.815      0.878      0.946 
241    0.44743       8338       1921         10        167      0.080      0.944      0.815      0.878      0.946 
242    0.48998       8339       1920          9        168      0.080      0.949      0.815      0.881      0.947 
243    0.44514       8339       1920          9        168      0.080      0.949      0.815      0.881      0.947 
244    0.46821       8340       1919          8        169      0.081      0.955      0.815      0.884      0.947 
245    0.49827       8340       1919          8        169      0.081      0.955      0.815      0.884      0.946 
246    0.49752       8340       1919          8        169      0.081      0.955      0.815      0.884      0.945 
247    0.46494       8339       1920          9        168      0.080      0.949      0.815      0.881      0.943 
248     0.4797       8337       1922         11        166      0.080      0.938      0.815      0.875      0.943 
249    0.50376       8337       1922         11        166      0.080      0.938      0.815      0.875      0.943 
250    0.45918       8338       1921         10        167      0.080      0.944      0.815      0.878      0.945 
251    0.45727       8338       1921         10        167      0.080      0.944      0.815      0.878      0.947 
252     0.4736       8338       1921         10        167      0.080      0.944      0.815      0.878      0.947 
253    0.45787       8338       1921         10        167      0.080      0.944      0.815      0.878      0.947 
254    0.53288       8337       1922         11        166      0.080      0.938      0.815      0.875      0.947 
255    0.49111       8337       1922         11        166      0.080      0.938      0.815      0.875      0.947 
256    0.46701       8337       1922         11        166      0.080      0.938      0.815      0.875      0.947 
257    0.52534       8337       1922         11        166      0.080      0.938      0.815      0.875      0.946 
258    0.51661       8337       1922         11        166      0.080      0.938      0.815      0.875      0.946 
259    0.49326       8336       1923         12        165      0.079      0.932      0.815      0.872      0.946 
260    0.43217       8336       1923         12        165      0.079      0.932      0.815      0.872      0.946 
261    0.48239       8336       1923         12        165      0.079      0.932      0.815      0.872      0.947 
262    0.43381       8337       1922         11        166      0.080      0.938      0.815      0.875      0.946 
263    0.50363       8337       1922         11        166      0.080      0.938      0.815      0.875      0.946 
264    0.47807       8337       1922         11        166      0.080      0.938      0.815      0.875      0.944 
265    0.44269       8337       1922         11        166      0.080      0.938      0.815      0.875      0.943 
266    0.43381       8337       1922         11        166      0.080      0.938      0.815      0.875      0.942 
267     0.4555       8337       1922         11        166      0.080      0.938      0.815      0.875      0.941 
268    0.47106       8336       1923         12        165      0.079      0.932      0.815      0.872      0.941 
269    0.43242       8337       1922         11        166      0.080      0.938      0.815      0.875      0.943 
270    0.43531       8336       1923         12        165      0.079      0.932      0.815      0.872      0.944 
271    0.45785       8338       1921         10        167      0.080      0.944      0.815      0.878      0.946 
272     0.4411       8338       1921         10        167      0.080      0.944      0.815      0.878      0.947 
273    0.45201       8338       1921         10        167      0.080      0.944      0.815      0.878      0.947 
274    0.42559       8338       1921         10        167      0.080      0.944      0.815      0.878      0.948 
275    0.43659       8338       1921         10        167      0.080      0.944      0.815      0.878      0.949 
276    0.40801       8338       1921         10        167      0.080      0.944      0.815      0.878      0.949 
277    0.43324       8338       1921         10        167      0.080      0.944      0.815      0.878      0.949 
278    0.43384       8337       1922         11        166      0.080      0.938      0.815      0.875      0.949 
279    0.47139       8337       1922         11        166      0.080      0.938      0.815      0.875      0.947 
280    0.41789       8337       1922         11        166      0.080      0.938      0.815      0.875      0.945 
281    0.42462       8336       1923         12        165      0.079      0.932      0.815      0.872      0.943 
282    0.46035       8335       1924         13        164      0.079      0.927      0.814      0.870      0.943 
283    0.45423       8335       1924         13        164      0.079      0.927      0.814      0.870      0.943 
284    0.46175       8334       1925         14        163      0.078      0.921      0.814      0.867      0.943 
285    0.38771       8335       1924         13        164      0.079      0.927      0.814      0.870      0.943 
286     0.5041       8337       1922         11        166      0.080      0.938      0.815      0.875      0.943 
287    0.43358       8336       1923         12        165      0.079      0.932      0.815      0.872      0.942 
288    0.49265       8338       1921         10        167      0.080      0.944      0.815      0.878      0.942 
289    0.45214       8338       1921         10        167      0.080      0.944      0.815      0.878      0.943 
290    0.41698       8337       1922         11        166      0.080      0.938      0.815      0.875      0.942 
291    0.45759       8338       1921         10        167      0.080      0.944      0.815      0.878      0.942 
292    0.47805       8339       1920          9        168      0.080      0.949      0.815      0.881      0.943 
293     0.4504       8339       1920          9        168      0.080      0.949      0.815      0.881      0.944 
294    0.45483       8339       1920          9        168      0.080      0.949      0.815      0.881      0.945 
295    0.42117       8338       1921         10        167      0.080      0.944      0.815      0.878      0.946 
296    0.44474       8338       1921         10        167      0.080      0.944      0.815      0.878      0.947 
297    0.40814       8339       1920          9        168      0.080      0.949      0.815      0.881      0.947 
298    0.42043       8339       1920          9        168      0.080      0.949      0.815      0.881      0.947 
299    0.38281       8338       1921         10        167      0.080      0.944      0.815      0.878      0.948 
300    0.50796       8336       1923         12        165      0.079      0.932      0.815      0.872      0.947 
