# Number of nodes=5863; Number of edges=33322; Number of node features=5; Model: gat.
epoch       loss         tn         fp         fn         tp       prec        rec        acc       bacc        auc 
1     1.2507       4338       1027        352        146      0.124      0.293      0.765      0.551      0.615 
2       1.22       4363       1002        327        171      0.146      0.343      0.773      0.578      0.646 
3     1.2123       4371        994        319        179      0.153      0.359      0.776      0.587      0.661 
4     1.1798       4382        983        308        190      0.162      0.382      0.780      0.599      0.673 
5     1.1746       4395        970        295        203      0.173      0.408      0.784      0.613      0.686 
6     1.1698       4406        959        284        214      0.182      0.430      0.788      0.625      0.696 
7     1.1481       4407        958        283        215      0.183      0.432      0.788      0.627      0.704 
8     1.1543       4413        952        277        221      0.188      0.444      0.790      0.633      0.709 
9      1.144       4411        954        279        219      0.187      0.440      0.790      0.631      0.711 
10     1.1407       4410        955        280        218      0.186      0.438      0.789      0.630      0.712 
11     1.1567       4411        954        279        219      0.187      0.440      0.790      0.631      0.712 
12     1.1449       4409        956        281        217      0.185      0.436      0.789      0.629      0.712 
13     1.1503       4407        958        283        215      0.183      0.432      0.788      0.627      0.712 
14     1.1548       4406        959        284        214      0.182      0.430      0.788      0.625      0.712 
15     1.1534       4409        956        281        217      0.185      0.436      0.789      0.629      0.712 
16     1.1446       4408        957        282        216      0.184      0.434      0.789      0.628      0.712 
17      1.139       4408        957        282        216      0.184      0.434      0.789      0.628      0.712 
18     1.1435       4414        951        276        222      0.189      0.446      0.791      0.634      0.713 
19     1.1432       4415        950        275        223      0.190      0.448      0.791      0.635      0.713 
20     1.1467       4419        946        271        227      0.194      0.456      0.792      0.640      0.714 
21     1.1456       4421        944        269        229      0.195      0.460      0.793      0.642      0.715 
22      1.157       4420        945        270        228      0.194      0.458      0.793      0.641      0.715 
23     1.1435       4421        944        269        229      0.195      0.460      0.793      0.642      0.716 
24     1.1379       4424        941        265        233      0.198      0.468      0.794      0.646      0.718 
25     1.1353       4426        939        264        234      0.199      0.470      0.795      0.647      0.718 
26     1.1335       4427        938        263        235      0.200      0.472      0.795      0.649      0.719 
27     1.1408       4426        939        264        234      0.199      0.470      0.795      0.647      0.719 
28     1.1278       4427        938        263        235      0.200      0.472      0.795      0.649      0.719 
29     1.1397       4426        939        264        234      0.199      0.470      0.795      0.647      0.719 
30      1.132       4422        943        268        230      0.196      0.462      0.793      0.643      0.719 
31     1.1424       4423        942        267        231      0.197      0.464      0.794      0.644      0.719 
32     1.1369       4423        942        267        231      0.197      0.464      0.794      0.644      0.719 
33     1.1302       4422        943        268        230      0.196      0.462      0.793      0.643      0.719 
34     1.1319       4422        943        268        230      0.196      0.462      0.793      0.643      0.720 
35      1.143       4423        942        267        231      0.197      0.464      0.794      0.644      0.720 
36     1.1336       4423        942        267        231      0.197      0.464      0.794      0.644      0.720 
37     1.1374       4422        943        268        230      0.196      0.462      0.793      0.643      0.721 
38     1.1351       4423        942        267        231      0.197      0.464      0.794      0.644      0.721 
39     1.1283       4423        942        267        231      0.197      0.464      0.794      0.644      0.722 
40     1.1379       4423        942        267        231      0.197      0.464      0.794      0.644      0.722 
41     1.1213       4424        941        266        232      0.198      0.466      0.794      0.645      0.722 
42     1.1243       4429        936        261        237      0.202      0.476      0.796      0.651      0.722 
43     1.1328       4429        936        261        237      0.202      0.476      0.796      0.651      0.723 
44     1.1192       4428        937        262        236      0.201      0.474      0.795      0.650      0.723 
45     1.1314       4429        936        261        237      0.202      0.476      0.796      0.651      0.723 
46     1.1354       4430        935        260        238      0.203      0.478      0.796      0.652      0.723 
47     1.1339       4430        935        260        238      0.203      0.478      0.796      0.652      0.724 
48       1.12       4434        931        256        242      0.206      0.486      0.798      0.656      0.724 
49     1.1346       4432        933        258        240      0.205      0.482      0.797      0.654      0.724 
50     1.1304       4433        932        257        241      0.205      0.484      0.797      0.655      0.724 
51     1.1316       4432        933        258        240      0.205      0.482      0.797      0.654      0.724 
52     1.1303       4429        936        261        237      0.202      0.476      0.796      0.651      0.724 
53     1.1211       4428        937        262        236      0.201      0.474      0.795      0.650      0.724 
54     1.1321       4429        936        261        237      0.202      0.476      0.796      0.651      0.725 
55     1.1264       4430        935        260        238      0.203      0.478      0.796      0.652      0.725 
56     1.1165       4430        935        260        238      0.203      0.478      0.796      0.652      0.725 
57     1.1284       4430        935        260        238      0.203      0.478      0.796      0.652      0.726 
58     1.1261       4429        936        261        237      0.202      0.476      0.796      0.651      0.726 
59       1.13       4429        936        261        237      0.202      0.476      0.796      0.651      0.726 
60      1.115       4428        937        262        236      0.201      0.474      0.795      0.650      0.727 
61     1.1256       4428        937        262        236      0.201      0.474      0.795      0.650      0.727 
62     1.1187       4428        937        262        236      0.201      0.474      0.795      0.650      0.727 
63      1.117       4428        937        262        236      0.201      0.474      0.795      0.650      0.728 
64     1.1259       4427        938        263        235      0.200      0.472      0.795      0.649      0.728 
65     1.1259       4429        936        261        237      0.202      0.476      0.796      0.651      0.727 
66     1.1235       4431        934        259        239      0.204      0.480      0.797      0.653      0.727 
67     1.1307       4432        933        258        240      0.205      0.482      0.797      0.654      0.727 
68     1.1178       4430        935        260        238      0.203      0.478      0.796      0.652      0.727 
69     1.1137       4431        934        259        239      0.204      0.480      0.797      0.653      0.727 
70      1.126       4427        938        263        235      0.200      0.472      0.795      0.649      0.727 
71     1.1195       4428        937        262        236      0.201      0.474      0.795      0.650      0.727 
72     1.1219       4429        936        261        237      0.202      0.476      0.796      0.651      0.727 
73     1.1288       4431        934        259        239      0.204      0.480      0.797      0.653      0.727 
74     1.1272       4431        934        259        239      0.204      0.480      0.797      0.653      0.726 
75     1.1194       4430        935        260        238      0.203      0.478      0.796      0.652      0.726 
76     1.1209       4427        938        263        235      0.200      0.472      0.795      0.649      0.726 
77     1.1199       4427        938        263        235      0.200      0.472      0.795      0.649      0.726 
78      1.121       4430        935        260        238      0.203      0.478      0.796      0.652      0.726 
79     1.1141       4428        937        262        236      0.201      0.474      0.795      0.650      0.726 
80     1.1127       4429        936        261        237      0.202      0.476      0.796      0.651      0.726 
81     1.1185       4430        935        260        238      0.203      0.478      0.796      0.652      0.726 
82     1.1263       4429        936        261        237      0.202      0.476      0.796      0.651      0.727 
83     1.1252       4427        938        263        235      0.200      0.472      0.795      0.649      0.727 
84     1.1174       4428        937        262        236      0.201      0.474      0.795      0.650      0.728 
85      1.117       4428        937        262        236      0.201      0.474      0.795      0.650      0.728 
86      1.112       4430        935        260        238      0.203      0.478      0.796      0.652      0.729 
87     1.1223       4430        935        260        238      0.203      0.478      0.796      0.652      0.729 
88     1.1125       4428        937        262        236      0.201      0.474      0.795      0.650      0.729 
89     1.1215       4429        936        261        237      0.202      0.476      0.796      0.651      0.729 
90     1.1088       4427        938        263        235      0.200      0.472      0.795      0.649      0.729 
91     1.1207       4426        939        264        234      0.199      0.470      0.795      0.647      0.729 
92     1.1194       4429        936        261        237      0.202      0.476      0.796      0.651      0.729 
93     1.1072       4428        937        262        236      0.201      0.474      0.795      0.650      0.729 
94     1.1137       4429        936        261        237      0.202      0.476      0.796      0.651      0.729 
95      1.121       4429        936        261        237      0.202      0.476      0.796      0.651      0.729 
96     1.1242       4428        937        262        236      0.201      0.474      0.795      0.650      0.729 
97     1.1092       4431        934        259        239      0.204      0.480      0.797      0.653      0.729 
98     1.1097       4431        934        259        239      0.204      0.480      0.797      0.653      0.729 
99     1.1093       4429        936        261        237      0.202      0.476      0.796      0.651      0.729 
100     1.1195       4432        933        258        240      0.205      0.482      0.797      0.654      0.729 
101     1.1262       4433        932        257        241      0.205      0.484      0.797      0.655      0.729 
102     1.1161       4434        931        256        242      0.206      0.486      0.798      0.656      0.729 
103     1.1132       4435        930        255        243      0.207      0.488      0.798      0.657      0.729 
104     1.1164       4436        929        254        244      0.208      0.490      0.798      0.658      0.729 
105     1.1059       4435        930        255        243      0.207      0.488      0.798      0.657      0.729 
106     1.1192       4435        930        255        243      0.207      0.488      0.798      0.657      0.729 
107     1.1123       4435        930        255        243      0.207      0.488      0.798      0.657      0.729 
108     1.1121       4435        930        255        243      0.207      0.488      0.798      0.657      0.729 
109     1.1187       4435        930        255        243      0.207      0.488      0.798      0.657      0.729 
110      1.112       4434        931        256        242      0.206      0.486      0.798      0.656      0.729 
111     1.1124       4434        931        256        242      0.206      0.486      0.798      0.656      0.729 
112     1.1173       4433        932        257        241      0.205      0.484      0.797      0.655      0.729 
113     1.1091       4433        932        257        241      0.205      0.484      0.797      0.655      0.729 
114     1.1135       4436        929        254        244      0.208      0.490      0.798      0.658      0.729 
115     1.1087       4438        927        252        246      0.210      0.494      0.799      0.661      0.729 
116     1.1159       4438        927        252        246      0.210      0.494      0.799      0.661      0.729 
117     1.1174       4437        928        253        245      0.209      0.492      0.799      0.659      0.729 
118     1.1106       4437        928        253        245      0.209      0.492      0.799      0.659      0.729 
119     1.1242       4437        928        253        245      0.209      0.492      0.799      0.659      0.730 
120     1.1105       4438        927        252        246      0.210      0.494      0.799      0.661      0.730 
121     1.1186       4436        929        254        244      0.208      0.490      0.798      0.658      0.729 
122     1.1139       4437        928        253        245      0.209      0.492      0.799      0.659      0.729 
123     1.1155       4440        925        250        248      0.211      0.498      0.800      0.663      0.729 
124     1.1083       4439        926        251        247      0.211      0.496      0.799      0.662      0.729 
125     1.1075       4438        927        252        246      0.210      0.494      0.799      0.661      0.729 
126     1.1115       4437        928        253        245      0.209      0.492      0.799      0.659      0.729 
127     1.1111       4436        929        254        244      0.208      0.490      0.798      0.658      0.729 
128      1.112       4438        927        252        246      0.210      0.494      0.799      0.661      0.729 
129     1.1145       4437        928        253        245      0.209      0.492      0.799      0.659      0.729 
130     1.1202       4437        928        253        245      0.209      0.492      0.799      0.659      0.730 
131     1.1113       4437        928        253        245      0.209      0.492      0.799      0.659      0.729 
132      1.109       4434        931        256        242      0.206      0.486      0.798      0.656      0.729 
133     1.1086       4434        931        256        242      0.206      0.486      0.798      0.656      0.730 
134     1.1151       4433        932        257        241      0.205      0.484      0.797      0.655      0.730 
135     1.1131       4434        931        256        242      0.206      0.486      0.798      0.656      0.730 
136     1.1152       4434        931        256        242      0.206      0.486      0.798      0.656      0.730 
137     1.1099       4433        932        257        241      0.205      0.484      0.797      0.655      0.730 
138     1.1132       4433        932        257        241      0.205      0.484      0.797      0.655      0.731 
139      1.094       4434        931        256        242      0.206      0.486      0.798      0.656      0.731 
140     1.1096       4435        930        255        243      0.207      0.488      0.798      0.657      0.731 
141     1.1167       4435        930        255        243      0.207      0.488      0.798      0.657      0.731 
142     1.1076       4437        928        253        245      0.209      0.492      0.799      0.659      0.731 
143     1.1102       4437        928        253        245      0.209      0.492      0.799      0.659      0.731 
144     1.0985       4439        926        251        247      0.211      0.496      0.799      0.662      0.731 
145     1.1082       4438        927        252        246      0.210      0.494      0.799      0.661      0.731 
146     1.1079       4441        924        249        249      0.212      0.500      0.800      0.664      0.731 
147     1.1131       4440        925        250        248      0.211      0.498      0.800      0.663      0.731 
148     1.1145       4440        925        250        248      0.211      0.498      0.800      0.663      0.731 
149     1.1071       4439        926        251        247      0.211      0.496      0.799      0.662      0.731 
150     1.1052       4441        924        249        249      0.212      0.500      0.800      0.664      0.730 
151     1.1031       4441        924        249        249      0.212      0.500      0.800      0.664      0.730 
152     1.1035       4441        924        249        249      0.212      0.500      0.800      0.664      0.731 
153     1.1076       4443        922        247        251      0.214      0.504      0.801      0.666      0.731 
154     1.1159       4442        923        248        250      0.213      0.502      0.800      0.665      0.731 
155     1.1133       4441        924        249        249      0.212      0.500      0.800      0.664      0.732 
156     1.1167       4441        924        249        249      0.212      0.500      0.800      0.664      0.732 
157     1.1124       4442        923        248        250      0.213      0.502      0.800      0.665      0.732 
158      1.111       4439        926        251        247      0.211      0.496      0.799      0.662      0.731 
159     1.1113       4438        927        252        246      0.210      0.494      0.799      0.661      0.731 
160     1.1004       4436        929        254        244      0.208      0.490      0.798      0.658      0.731 
161     1.1162       4436        929        254        244      0.208      0.490      0.798      0.658      0.731 
162        1.1       4437        928        253        245      0.209      0.492      0.799      0.659      0.731 
163     1.1095       4439        926        251        247      0.211      0.496      0.799      0.662      0.731 
164      1.097       4439        926        251        247      0.211      0.496      0.799      0.662      0.731 
165     1.1108       4439        926        251        247      0.211      0.496      0.799      0.662      0.731 
166     1.1153       4439        926        251        247      0.211      0.496      0.799      0.662      0.731 
167     1.1099       4438        927        252        246      0.210      0.494      0.799      0.661      0.732 
168      1.103       4438        927        252        246      0.210      0.494      0.799      0.661      0.732 
169     1.1097       4438        927        252        246      0.210      0.494      0.799      0.661      0.731 
170     1.1153       4436        929        254        244      0.208      0.490      0.798      0.658      0.731 
171     1.1129       4435        930        255        243      0.207      0.488      0.798      0.657      0.731 
172     1.1121       4436        929        254        244      0.208      0.490      0.798      0.658      0.732 
173     1.1063       4436        929        254        244      0.208      0.490      0.798      0.658      0.732 
174     1.1014       4440        925        250        248      0.211      0.498      0.800      0.663      0.732 
175     1.1003       4437        928        253        245      0.209      0.492      0.799      0.659      0.732 
176     1.1155       4437        928        253        245      0.209      0.492      0.799      0.659      0.732 
177     1.1145       4441        924        249        249      0.212      0.500      0.800      0.664      0.732 
178     1.1105       4442        923        248        250      0.213      0.502      0.800      0.665      0.732 
179     1.1079       4441        924        249        249      0.212      0.500      0.800      0.664      0.731 
180     1.1087       4439        926        251        247      0.211      0.496      0.799      0.662      0.731 
181     1.1127       4439        926        251        247      0.211      0.496      0.799      0.662      0.732 
182     1.0953       4440        925        250        248      0.211      0.498      0.800      0.663      0.732 
183     1.1083       4439        926        251        247      0.211      0.496      0.799      0.662      0.732 
184     1.1122       4439        926        251        247      0.211      0.496      0.799      0.662      0.732 
185     1.1024       4440        925        250        248      0.211      0.498      0.800      0.663      0.732 
186     1.0969       4442        923        248        250      0.213      0.502      0.800      0.665      0.731 
187     1.1088       4441        924        249        249      0.212      0.500      0.800      0.664      0.731 
188     1.1147       4441        924        249        249      0.212      0.500      0.800      0.664      0.732 
189     1.1044       4440        925        250        248      0.211      0.498      0.800      0.663      0.732 
190     1.1058       4439        926        251        247      0.211      0.496      0.799      0.662      0.732 
191     1.0941       4440        925        250        248      0.211      0.498      0.800      0.663      0.732 
192      1.119       4438        927        252        246      0.210      0.494      0.799      0.661      0.732 
193     1.1035       4437        928        253        245      0.209      0.492      0.799      0.659      0.731 
194     1.0999       4436        929        254        244      0.208      0.490      0.798      0.658      0.731 
195     1.1073       4437        928        253        245      0.209      0.492      0.799      0.659      0.731 
196     1.1136       4437        928        253        245      0.209      0.492      0.799      0.659      0.731 
197     1.1021       4437        928        253        245      0.209      0.492      0.799      0.659      0.732 
198     1.1085       4438        927        252        246      0.210      0.494      0.799      0.661      0.732 
199     1.1106       4437        928        253        245      0.209      0.492      0.799      0.659      0.732 
200      1.106       4437        928        253        245      0.209      0.492      0.799      0.659      0.732 
201     1.1183       4438        927        252        246      0.210      0.494      0.799      0.661      0.732 
202      1.114       4438        927        252        246      0.210      0.494      0.799      0.661      0.732 
203     1.1017       4438        927        252        246      0.210      0.494      0.799      0.661      0.732 
204     1.1064       4437        928        253        245      0.209      0.492      0.799      0.659      0.732 
205     1.1042       4437        928        253        245      0.209      0.492      0.799      0.659      0.732 
206     1.1078       4437        928        253        245      0.209      0.492      0.799      0.659      0.733 
207     1.1054       4440        925        250        248      0.211      0.498      0.800      0.663      0.733 
208      1.098       4441        924        249        249      0.212      0.500      0.800      0.664      0.733 
209     1.1025       4441        924        249        249      0.212      0.500      0.800      0.664      0.733 
210     1.1016       4439        926        251        247      0.211      0.496      0.799      0.662      0.733 
211     1.1062       4439        926        251        247      0.211      0.496      0.799      0.662      0.734 
212     1.1028       4441        924        249        249      0.212      0.500      0.800      0.664      0.734 
213     1.1045       4438        927        252        246      0.210      0.494      0.799      0.661      0.733 
214     1.0994       4437        928        253        245      0.209      0.492      0.799      0.659      0.733 
215     1.1071       4436        929        254        244      0.208      0.490      0.798      0.658      0.733 
216     1.1004       4438        927        252        246      0.210      0.494      0.799      0.661      0.734 
217     1.1046       4439        926        251        247      0.211      0.496      0.799      0.662      0.734 
218     1.1029       4437        928        253        245      0.209      0.492      0.799      0.659      0.734 
219     1.1009       4440        925        250        248      0.211      0.498      0.800      0.663      0.734 
220      1.102       4441        924        249        249      0.212      0.500      0.800      0.664      0.734 
221     1.0993       4443        922        247        251      0.214      0.504      0.801      0.666      0.734 
222     1.1049       4441        924        249        249      0.212      0.500      0.800      0.664      0.734 
223     1.1018       4442        923        248        250      0.213      0.502      0.800      0.665      0.735 
224     1.1113       4437        928        253        245      0.209      0.492      0.799      0.659      0.735 
225     1.1143       4435        930        255        243      0.207      0.488      0.798      0.657      0.736 
226     1.1016       4438        927        252        246      0.210      0.494      0.799      0.661      0.735 
227     1.1083       4436        929        254        244      0.208      0.490      0.798      0.658      0.735 
228     1.1136       4442        923        248        250      0.213      0.502      0.800      0.665      0.735 
229     1.0923       4443        922        247        251      0.214      0.504      0.801      0.666      0.735 
230     1.1077       4439        926        251        247      0.211      0.496      0.799      0.662      0.734 
231     1.1021       4440        925        250        248      0.211      0.498      0.800      0.663      0.734 
232     1.0949       4440        925        250        248      0.211      0.498      0.800      0.663      0.734 
233     1.1061       4438        927        252        246      0.210      0.494      0.799      0.661      0.734 
234     1.0944       4438        927        252        246      0.210      0.494      0.799      0.661      0.734 
235     1.0955       4440        925        250        248      0.211      0.498      0.800      0.663      0.734 
236     1.0953       4439        926        251        247      0.211      0.496      0.799      0.662      0.735 
237     1.1054       4438        927        252        246      0.210      0.494      0.799      0.661      0.735 
238     1.1068       4439        926        251        247      0.211      0.496      0.799      0.662      0.736 
239     1.1013       4440        925        250        248      0.211      0.498      0.800      0.663      0.736 
240     1.1158       4440        925        250        248      0.211      0.498      0.800      0.663      0.735 
241     1.0986       4442        923        248        250      0.213      0.502      0.800      0.665      0.735 
242     1.1066       4442        923        248        250      0.213      0.502      0.800      0.665      0.735 
243     1.0968       4445        920        245        253      0.216      0.508      0.801      0.668      0.735 
244     1.0935       4444        921        246        252      0.215      0.506      0.801      0.667      0.735 
245     1.1034       4444        921        246        252      0.215      0.506      0.801      0.667      0.736 
246     1.1031       4443        922        247        251      0.214      0.504      0.801      0.666      0.737 
247     1.0921       4438        927        252        246      0.210      0.494      0.799      0.661      0.737 
248     1.0914       4437        928        253        245      0.209      0.492      0.799      0.659      0.737 
249     1.0885       4439        926        251        247      0.211      0.496      0.799      0.662      0.737 
250      1.106       4436        929        254        244      0.208      0.490      0.798      0.658      0.737 
251     1.1101       4436        929        254        244      0.208      0.490      0.798      0.658      0.737 
252     1.1069       4437        928        253        245      0.209      0.492      0.799      0.659      0.737 
253     1.0886       4440        925        250        248      0.211      0.498      0.800      0.663      0.737 
254     1.0986       4442        923        248        250      0.213      0.502      0.800      0.665      0.737 
255      1.099       4444        921        246        252      0.215      0.506      0.801      0.667      0.737 
256     1.0933       4445        920        245        253      0.216      0.508      0.801      0.668      0.737 
257     1.0942       4444        921        246        252      0.215      0.506      0.801      0.667      0.737 
258     1.0854       4442        923        248        250      0.213      0.502      0.800      0.665      0.737 
259      1.099       4444        921        246        252      0.215      0.506      0.801      0.667      0.737 
260     1.0982       4441        924        249        249      0.212      0.500      0.800      0.664      0.737 
261     1.0911       4445        920        245        253      0.216      0.508      0.801      0.668      0.737 
262     1.1023       4443        922        247        251      0.214      0.504      0.801      0.666      0.737 
263     1.0994       4443        922        247        251      0.214      0.504      0.801      0.666      0.737 
264     1.0923       4441        924        249        249      0.212      0.500      0.800      0.664      0.737 
265     1.0941       4439        926        251        247      0.211      0.496      0.799      0.662      0.737 
266     1.1016       4438        927        252        246      0.210      0.494      0.799      0.661      0.738 
267     1.0904       4441        924        249        249      0.212      0.500      0.800      0.664      0.738 
268     1.0939       4441        924        249        249      0.212      0.500      0.800      0.664      0.738 
269      1.086       4443        922        247        251      0.214      0.504      0.801      0.666      0.737 
270      1.103       4441        924        249        249      0.212      0.500      0.800      0.664      0.737 
271     1.0979       4436        929        254        244      0.208      0.490      0.798      0.658      0.737 
272     1.1064       4437        928        253        245      0.209      0.492      0.799      0.659      0.738 
273     1.0834       4437        928        253        245      0.209      0.492      0.799      0.659      0.738 
274     1.0968       4439        926        251        247      0.211      0.496      0.799      0.662      0.738 
275     1.0925       4441        924        249        249      0.212      0.500      0.800      0.664      0.738 
276     1.0989       4441        924        249        249      0.212      0.500      0.800      0.664      0.738 
277     1.1058       4440        925        250        248      0.211      0.498      0.800      0.663      0.738 
278     1.0998       4442        923        248        250      0.213      0.502      0.800      0.665      0.738 
279     1.0858       4443        922        247        251      0.214      0.504      0.801      0.666      0.737 
280     1.0979       4442        923        248        250      0.213      0.502      0.800      0.665      0.737 
281     1.0998       4441        924        249        249      0.212      0.500      0.800      0.664      0.736 
282     1.0904       4444        921        246        252      0.215      0.506      0.801      0.667      0.737 
283     1.0977       4438        927        252        246      0.210      0.494      0.799      0.661      0.738 
284     1.0936       4439        926        251        247      0.211      0.496      0.799      0.662      0.738 
285     1.0978       4441        924        249        249      0.212      0.500      0.800      0.664      0.739 
286     1.1045       4441        924        249        249      0.212      0.500      0.800      0.664      0.739 
287     1.0961       4441        924        249        249      0.212      0.500      0.800      0.664      0.739 
288     1.0966       4439        926        251        247      0.211      0.496      0.799      0.662      0.739 
289     1.0893       4441        924        249        249      0.212      0.500      0.800      0.664      0.739 
290     1.0848       4441        924        249        249      0.212      0.500      0.800      0.664      0.738 
291     1.0877       4443        922        247        251      0.214      0.504      0.801      0.666      0.738 
292      1.088       4445        920        245        253      0.216      0.508      0.801      0.668      0.738 
293     1.0914       4444        921        246        252      0.215      0.506      0.801      0.667      0.738 
294     1.1034       4442        923        248        250      0.213      0.502      0.800      0.665      0.739 
295     1.0925       4440        925        250        248      0.211      0.498      0.800      0.663      0.739 
296     1.0932       4442        923        248        250      0.213      0.502      0.800      0.665      0.739 
297     1.1007       4438        927        252        246      0.210      0.494      0.799      0.661      0.739 
298     1.0862       4436        929        254        244      0.208      0.490      0.798      0.658      0.739 
299     1.1046       4435        930        255        243      0.207      0.488      0.798      0.657      0.739 
300     1.1007       4434        931        256        242      0.206      0.486      0.798      0.656      0.738 
