# Number of nodes=5863; Number of edges=33322; Number of node features=5; Model: phgcn.
epoch       loss         tn         fp         fn         tp       prec        rec        acc       bacc        auc 
1     1.2904       3531        761        221        177      0.189      0.445      0.791      0.634      0.674 
2     1.2545       3533        759        219        179      0.191      0.450      0.791      0.636      0.689 
3     1.2533       3528        764        224        174      0.186      0.437      0.789      0.630      0.685 
4     1.2402       3522        770        230        168      0.179      0.422      0.787      0.621      0.677 
5     1.2312       3517        775        235        163      0.174      0.410      0.785      0.614      0.669 
6     1.2206       3515        777        237        161      0.172      0.405      0.784      0.612      0.664 
7     1.2109       3513        779        239        159      0.170      0.399      0.783      0.609      0.665 
8     1.2027       3517        775        235        163      0.174      0.410      0.785      0.614      0.670 
9     1.1987       3519        773        233        165      0.176      0.415      0.786      0.617      0.677 
10     1.1878       3522        770        230        168      0.179      0.422      0.787      0.621      0.684 
11     1.1873       3526        766        226        172      0.183      0.432      0.788      0.627      0.689 
12     1.1803       3530        762        222        176      0.188      0.442      0.790      0.632      0.694 
13     1.1712       3536        756        216        182      0.194      0.457      0.793      0.641      0.699 
14     1.1692       3536        756        216        182      0.194      0.457      0.793      0.641      0.706 
15      1.165       3541        751        211        187      0.199      0.470      0.795      0.647      0.712 
16     1.1582       3540        752        212        186      0.198      0.467      0.794      0.646      0.716 
17      1.153       3543        749        209        189      0.201      0.475      0.796      0.650      0.718 
18     1.1577       3545        747        207        191      0.204      0.480      0.797      0.653      0.719 
19     1.1534       3541        751        211        187      0.199      0.470      0.795      0.647      0.719 
20     1.1506       3537        755        215        183      0.195      0.460      0.793      0.642      0.719 
21     1.1498       3536        756        216        182      0.194      0.457      0.793      0.641      0.719 
22     1.1494       3539        753        213        185      0.197      0.465      0.794      0.645      0.718 
23     1.1665       3537        755        215        183      0.195      0.460      0.793      0.642      0.719 
24     1.1369       3536        756        216        182      0.194      0.457      0.793      0.641      0.719 
25     1.1413       3538        754        214        184      0.196      0.462      0.794      0.643      0.720 
26      1.143       3540        752        212        186      0.198      0.467      0.794      0.646      0.720 
27     1.1262       3539        753        213        185      0.197      0.465      0.794      0.645      0.720 
28     1.1323       3539        753        213        185      0.197      0.465      0.794      0.645      0.719 
29     1.1349       3541        751        211        187      0.199      0.470      0.795      0.647      0.719 
30     1.1464       3538        754        214        184      0.196      0.462      0.794      0.643      0.719 
31     1.1385       3540        752        212        186      0.198      0.467      0.794      0.646      0.719 
32     1.1479       3541        751        211        187      0.199      0.470      0.795      0.647      0.719 
33     1.1323       3539        753        213        185      0.197      0.465      0.794      0.645      0.719 
34     1.1415       3539        753        213        185      0.197      0.465      0.794      0.645      0.719 
35     1.1427       3537        755        215        183      0.195      0.460      0.793      0.642      0.720 
36     1.1392       3536        756        216        182      0.194      0.457      0.793      0.641      0.720 
37      1.137       3539        753        213        185      0.197      0.465      0.794      0.645      0.721 
38      1.129       3540        752        212        186      0.198      0.467      0.794      0.646      0.721 
39     1.1373       3540        752        212        186      0.198      0.467      0.794      0.646      0.721 
40     1.1368       3541        751        211        187      0.199      0.470      0.795      0.647      0.721 
41     1.1305       3542        750        210        188      0.200      0.472      0.795      0.649      0.721 
42     1.1355       3541        751        211        187      0.199      0.470      0.795      0.647      0.722 
43     1.1283       3540        752        212        186      0.198      0.467      0.794      0.646      0.722 
44     1.1226       3541        751        211        187      0.199      0.470      0.795      0.647      0.722 
45     1.1268       3544        748        208        190      0.203      0.477      0.796      0.652      0.722 
46     1.1221       3541        751        211        187      0.199      0.470      0.795      0.647      0.722 
47     1.1378       3546        746        206        192      0.205      0.482      0.797      0.654      0.722 
48     1.1456       3544        748        208        190      0.203      0.477      0.796      0.652      0.723 
49     1.1244       3540        752        212        186      0.198      0.467      0.794      0.646      0.723 
50     1.1302       3539        753        213        185      0.197      0.465      0.794      0.645      0.723 
51     1.1264       3541        751        211        187      0.199      0.470      0.795      0.647      0.723 
52      1.137       3541        751        211        187      0.199      0.470      0.795      0.647      0.723 
53     1.1304       3540        752        212        186      0.198      0.467      0.794      0.646      0.723 
54      1.132       3539        753        213        185      0.197      0.465      0.794      0.645      0.722 
55     1.1236       3541        751        211        187      0.199      0.470      0.795      0.647      0.722 
56     1.1293       3542        750        210        188      0.200      0.472      0.795      0.649      0.722 
57     1.1272       3542        750        210        188      0.200      0.472      0.795      0.649      0.722 
58     1.1198       3542        750        210        188      0.200      0.472      0.795      0.649      0.723 
59     1.1193       3541        751        211        187      0.199      0.470      0.795      0.647      0.723 
60      1.121       3539        753        213        185      0.197      0.465      0.794      0.645      0.723 
61     1.1252       3540        752        212        186      0.198      0.467      0.794      0.646      0.723 
62     1.1321       3540        752        212        186      0.198      0.467      0.794      0.646      0.723 
63     1.1257       3539        753        213        185      0.197      0.465      0.794      0.645      0.723 
64     1.1249       3538        754        214        184      0.196      0.462      0.794      0.643      0.723 
65     1.1268       3539        753        213        185      0.197      0.465      0.794      0.645      0.723 
66     1.1175       3540        752        212        186      0.198      0.467      0.794      0.646      0.723 
67     1.1222       3541        751        211        187      0.199      0.470      0.795      0.647      0.724 
68     1.1195       3541        751        211        187      0.199      0.470      0.795      0.647      0.724 
69     1.1212       3543        749        209        189      0.201      0.475      0.796      0.650      0.724 
70     1.1205       3544        748        208        190      0.203      0.477      0.796      0.652      0.724 
71     1.1277       3542        750        210        188      0.200      0.472      0.795      0.649      0.724 
72     1.1258       3543        749        209        189      0.201      0.475      0.796      0.650      0.725 
73     1.1265       3544        748        208        190      0.203      0.477      0.796      0.652      0.725 
74     1.1185       3542        750        210        188      0.200      0.472      0.795      0.649      0.725 
75     1.1239       3544        748        208        190      0.203      0.477      0.796      0.652      0.725 
76     1.1232       3541        751        211        187      0.199      0.470      0.795      0.647      0.725 
77     1.1249       3540        752        212        186      0.198      0.467      0.794      0.646      0.725 
78     1.1208       3539        753        213        185      0.197      0.465      0.794      0.645      0.725 
79     1.1361       3540        752        212        186      0.198      0.467      0.794      0.646      0.725 
80     1.1206       3543        749        209        189      0.201      0.475      0.796      0.650      0.726 
81     1.1231       3543        749        209        189      0.201      0.475      0.796      0.650      0.725 
82     1.1193       3545        747        207        191      0.204      0.480      0.797      0.653      0.725 
83      1.112       3546        746        206        192      0.205      0.482      0.797      0.654      0.725 
84     1.1205       3545        747        207        191      0.204      0.480      0.797      0.653      0.725 
85     1.1203       3544        748        208        190      0.203      0.477      0.796      0.652      0.725 
86     1.1197       3544        748        208        190      0.203      0.477      0.796      0.652      0.725 
87     1.1292       3544        748        208        190      0.203      0.477      0.796      0.652      0.725 
88     1.1197       3541        751        211        187      0.199      0.470      0.795      0.647      0.725 
89     1.1268       3542        750        210        188      0.200      0.472      0.795      0.649      0.725 
90     1.1235       3541        751        211        187      0.199      0.470      0.795      0.647      0.725 
91     1.1361       3542        750        210        188      0.200      0.472      0.795      0.649      0.726 
92     1.1237       3543        749        209        189      0.201      0.475      0.796      0.650      0.726 
93     1.1292       3545        747        207        191      0.204      0.480      0.797      0.653      0.726 
94      1.121       3543        749        209        189      0.201      0.475      0.796      0.650      0.726 
95     1.1248       3544        748        208        190      0.203      0.477      0.796      0.652      0.726 
96     1.1245       3544        748        208        190      0.203      0.477      0.796      0.652      0.726 
97     1.1222       3543        749        209        189      0.201      0.475      0.796      0.650      0.727 
98      1.122       3544        748        208        190      0.203      0.477      0.796      0.652      0.727 
99      1.121       3544        748        208        190      0.203      0.477      0.796      0.652      0.727 
100     1.1262       3544        748        208        190      0.203      0.477      0.796      0.652      0.727 
101      1.118       3544        748        208        190      0.203      0.477      0.796      0.652      0.727 
102     1.1304       3545        747        207        191      0.204      0.480      0.797      0.653      0.727 
103     1.1173       3544        748        208        190      0.203      0.477      0.796      0.652      0.727 
104     1.1136       3543        749        209        189      0.201      0.475      0.796      0.650      0.727 
105     1.1223       3543        749        209        189      0.201      0.475      0.796      0.650      0.727 
106     1.1184       3544        748        208        190      0.203      0.477      0.796      0.652      0.727 
107     1.1227       3544        748        208        190      0.203      0.477      0.796      0.652      0.727 
108     1.1192       3544        748        208        190      0.203      0.477      0.796      0.652      0.727 
109     1.1118       3545        747        207        191      0.204      0.480      0.797      0.653      0.727 
110     1.1239       3546        746        206        192      0.205      0.482      0.797      0.654      0.727 
111     1.1177       3546        746        206        192      0.205      0.482      0.797      0.654      0.727 
112     1.1181       3545        747        207        191      0.204      0.480      0.797      0.653      0.727 
113     1.1172       3545        747        207        191      0.204      0.480      0.797      0.653      0.727 
114     1.1247       3545        747        207        191      0.204      0.480      0.797      0.653      0.727 
115     1.1264       3545        747        207        191      0.204      0.480      0.797      0.653      0.727 
116     1.1175       3545        747        207        191      0.204      0.480      0.797      0.653      0.728 
117     1.1181       3546        746        206        192      0.205      0.482      0.797      0.654      0.727 
118     1.1063       3545        747        207        191      0.204      0.480      0.797      0.653      0.728 
119     1.1242       3545        747        207        191      0.204      0.480      0.797      0.653      0.728 
120      1.112       3544        748        208        190      0.203      0.477      0.796      0.652      0.728 
121     1.1175       3543        749        209        189      0.201      0.475      0.796      0.650      0.728 
122     1.1175       3543        749        209        189      0.201      0.475      0.796      0.650      0.728 
123     1.1112       3544        748        208        190      0.203      0.477      0.796      0.652      0.728 
124      1.121       3545        747        207        191      0.204      0.480      0.797      0.653      0.729 
125     1.1175       3545        747        207        191      0.204      0.480      0.797      0.653      0.729 
126     1.1179       3545        747        207        191      0.204      0.480      0.797      0.653      0.729 
127     1.1109       3542        750        210        188      0.200      0.472      0.795      0.649      0.729 
128     1.1167       3542        750        210        188      0.200      0.472      0.795      0.649      0.729 
129     1.1149       3543        749        209        189      0.201      0.475      0.796      0.650      0.729 
130     1.1187       3541        751        211        187      0.199      0.470      0.795      0.647      0.729 
131     1.1027       3544        748        208        190      0.203      0.477      0.796      0.652      0.729 
132     1.1225       3546        746        206        192      0.205      0.482      0.797      0.654      0.729 
133     1.1176       3546        746        206        192      0.205      0.482      0.797      0.654      0.730 
134     1.1085       3547        745        205        193      0.206      0.485      0.797      0.656      0.730 
135     1.1145       3547        745        205        193      0.206      0.485      0.797      0.656      0.730 
136     1.1067       3547        745        205        193      0.206      0.485      0.797      0.656      0.730 
137     1.1239       3546        746        206        192      0.205      0.482      0.797      0.654      0.730 
138     1.1177       3547        745        205        193      0.206      0.485      0.797      0.656      0.730 
139     1.1152       3545        747        207        191      0.204      0.480      0.797      0.653      0.730 
140     1.1232       3546        746        206        192      0.205      0.482      0.797      0.654      0.730 
141     1.1267       3546        746        206        192      0.205      0.482      0.797      0.654      0.730 
142     1.1183       3547        745        205        193      0.206      0.485      0.797      0.656      0.730 
143     1.1191       3546        746        206        192      0.205      0.482      0.797      0.654      0.731 
144     1.1036       3548        744        204        194      0.207      0.487      0.798      0.657      0.731 
145     1.1248       3548        744        204        194      0.207      0.487      0.798      0.657      0.730 
146      1.101       3548        744        204        194      0.207      0.487      0.798      0.657      0.730 
147      1.104       3547        745        205        193      0.206      0.485      0.797      0.656      0.731 
148     1.1185       3546        746        206        192      0.205      0.482      0.797      0.654      0.730 
149     1.1155       3543        749        209        189      0.201      0.475      0.796      0.650      0.730 
150     1.1111       3541        751        211        187      0.199      0.470      0.795      0.647      0.729 
151     1.1126       3541        751        211        187      0.199      0.470      0.795      0.647      0.730 
152     1.1075       3542        750        210        188      0.200      0.472      0.795      0.649      0.730 
153     1.1182       3545        747        207        191      0.204      0.480      0.797      0.653      0.731 
154     1.1251       3545        747        207        191      0.204      0.480      0.797      0.653      0.731 
155     1.1187       3547        745        205        193      0.206      0.485      0.797      0.656      0.732 
156     1.1252       3547        745        205        193      0.206      0.485      0.797      0.656      0.732 
157     1.1141       3546        746        206        192      0.205      0.482      0.797      0.654      0.732 
158     1.1129       3547        745        205        193      0.206      0.485      0.797      0.656      0.732 
159     1.1071       3547        745        205        193      0.206      0.485      0.797      0.656      0.732 
160     1.1048       3545        747        207        191      0.204      0.480      0.797      0.653      0.732 
161     1.1127       3544        748        208        190      0.203      0.477      0.796      0.652      0.732 
162     1.1085       3546        746        206        192      0.205      0.482      0.797      0.654      0.732 
163     1.1097       3546        746        206        192      0.205      0.482      0.797      0.654      0.732 
164     1.1123       3544        748        208        190      0.203      0.477      0.796      0.652      0.732 
165     1.1152       3544        748        208        190      0.203      0.477      0.796      0.652      0.733 
166     1.1085       3544        748        208        190      0.203      0.477      0.796      0.652      0.733 
167     1.1121       3544        748        208        190      0.203      0.477      0.796      0.652      0.733 
168     1.1128       3544        748        208        190      0.203      0.477      0.796      0.652      0.733 
169     1.1227       3546        746        206        192      0.205      0.482      0.797      0.654      0.733 
170      1.114       3546        746        206        192      0.205      0.482      0.797      0.654      0.733 
171     1.1182       3546        746        206        192      0.205      0.482      0.797      0.654      0.733 
172     1.1143       3548        744        204        194      0.207      0.487      0.798      0.657      0.733 
173     1.1073       3548        744        204        194      0.207      0.487      0.798      0.657      0.733 
174     1.1142       3547        745        205        193      0.206      0.485      0.797      0.656      0.733 
175     1.1187       3547        745        205        193      0.206      0.485      0.797      0.656      0.733 
176     1.1159       3547        745        205        193      0.206      0.485      0.797      0.656      0.733 
177     1.1128       3547        745        205        193      0.206      0.485      0.797      0.656      0.733 
178     1.1132       3545        747        207        191      0.204      0.480      0.797      0.653      0.733 
179     1.1192       3545        747        207        191      0.204      0.480      0.797      0.653      0.732 
180     1.1195       3545        747        207        191      0.204      0.480      0.797      0.653      0.732 
181     1.0993       3546        746        206        192      0.205      0.482      0.797      0.654      0.733 
182     1.1219       3546        746        206        192      0.205      0.482      0.797      0.654      0.733 
183     1.1118       3548        744        204        194      0.207      0.487      0.798      0.657      0.734 
184      1.107       3549        743        203        195      0.208      0.490      0.798      0.658      0.733 
185     1.1013       3549        743        203        195      0.208      0.490      0.798      0.658      0.734 
186     1.1103       3549        743        203        195      0.208      0.490      0.798      0.658      0.734 
187     1.1042       3548        744        204        194      0.207      0.487      0.798      0.657      0.734 
188      1.114       3545        747        207        191      0.204      0.480      0.797      0.653      0.733 
189     1.1207       3546        746        206        192      0.205      0.482      0.797      0.654      0.733 
190     1.1094       3546        746        206        192      0.205      0.482      0.797      0.654      0.733 
191     1.1119       3547        745        205        193      0.206      0.485      0.797      0.656      0.734 
192     1.1176       3548        744        204        194      0.207      0.487      0.798      0.657      0.734 
193     1.1044       3549        743        203        195      0.208      0.490      0.798      0.658      0.734 
194     1.1118       3551        741        201        197      0.210      0.495      0.799      0.661      0.734 
195     1.1095       3547        745        205        193      0.206      0.485      0.797      0.656      0.734 
196      1.108       3545        747        207        191      0.204      0.480      0.797      0.653      0.734 
197     1.1169       3546        746        206        192      0.205      0.482      0.797      0.654      0.734 
198     1.0978       3544        748        208        190      0.203      0.477      0.796      0.652      0.734 
199     1.1109       3545        747        207        191      0.204      0.480      0.797      0.653      0.734 
200     1.1099       3548        744        204        194      0.207      0.487      0.798      0.657      0.735 
201     1.1148       3547        745        205        193      0.206      0.485      0.797      0.656      0.735 
202     1.1051       3547        745        205        193      0.206      0.485      0.797      0.656      0.736 
203     1.1077       3549        743        203        195      0.208      0.490      0.798      0.658      0.736 
204      1.117       3548        744        204        194      0.207      0.487      0.798      0.657      0.736 
205     1.1186       3546        746        206        192      0.205      0.482      0.797      0.654      0.736 
206     1.1015       3545        747        207        191      0.204      0.480      0.797      0.653      0.736 
207     1.1097       3547        745        205        193      0.206      0.485      0.797      0.656      0.735 
208     1.1155       3547        745        205        193      0.206      0.485      0.797      0.656      0.736 
209     1.1106       3545        747        207        191      0.204      0.480      0.797      0.653      0.736 
210     1.1038       3547        745        205        193      0.206      0.485      0.797      0.656      0.736 
211     1.1113       3549        743        203        195      0.208      0.490      0.798      0.658      0.736 
212     1.1022       3550        742        202        196      0.209      0.492      0.799      0.660      0.736 
213     1.1068       3548        744        204        194      0.207      0.487      0.798      0.657      0.736 
214     1.1059       3544        748        208        190      0.203      0.477      0.796      0.652      0.736 
215     1.1144       3545        747        207        191      0.204      0.480      0.797      0.653      0.736 
216     1.1102       3544        748        208        190      0.203      0.477      0.796      0.652      0.735 
217     1.1111       3547        745        205        193      0.206      0.485      0.797      0.656      0.736 
218      1.105       3548        744        204        194      0.207      0.487      0.798      0.657      0.736 
219     1.1087       3547        745        205        193      0.206      0.485      0.797      0.656      0.736 
220     1.1084       3548        744        204        194      0.207      0.487      0.798      0.657      0.736 
221     1.1102       3548        744        204        194      0.207      0.487      0.798      0.657      0.737 
222     1.1094       3548        744        204        194      0.207      0.487      0.798      0.657      0.736 
223     1.1043       3547        745        205        193      0.206      0.485      0.797      0.656      0.736 
224     1.1039       3546        746        206        192      0.205      0.482      0.797      0.654      0.735 
225     1.1234       3547        745        205        193      0.206      0.485      0.797      0.656      0.736 
226     1.1067       3548        744        204        194      0.207      0.487      0.798      0.657      0.736 
227     1.1141       3549        743        203        195      0.208      0.490      0.798      0.658      0.736 
228     1.1014       3546        746        206        192      0.205      0.482      0.797      0.654      0.736 
229     1.1148       3547        745        205        193      0.206      0.485      0.797      0.656      0.736 
230     1.1053       3546        746        206        192      0.205      0.482      0.797      0.654      0.736 
231     1.1101       3547        745        205        193      0.206      0.485      0.797      0.656      0.736 
232      1.121       3548        744        204        194      0.207      0.487      0.798      0.657      0.736 
233     1.1017       3546        746        206        192      0.205      0.482      0.797      0.654      0.736 
234     1.1088       3546        746        206        192      0.205      0.482      0.797      0.654      0.736 
235     1.0989       3546        746        206        192      0.205      0.482      0.797      0.654      0.736 
236     1.1008       3550        742        202        196      0.209      0.492      0.799      0.660      0.736 
237     1.0969       3550        742        202        196      0.209      0.492      0.799      0.660      0.736 
238     1.1146       3549        743        203        195      0.208      0.490      0.798      0.658      0.736 
239     1.1049       3548        744        204        194      0.207      0.487      0.798      0.657      0.736 
240      1.112       3547        745        205        193      0.206      0.485      0.797      0.656      0.737 
241     1.0991       3547        745        205        193      0.206      0.485      0.797      0.656      0.737 
242     1.1114       3548        744        204        194      0.207      0.487      0.798      0.657      0.737 
243     1.1078       3549        743        203        195      0.208      0.490      0.798      0.658      0.738 
244     1.1046       3548        744        204        194      0.207      0.487      0.798      0.657      0.738 
245      1.093       3550        742        202        196      0.209      0.492      0.799      0.660      0.737 
246     1.1146       3548        744        204        194      0.207      0.487      0.798      0.657      0.737 
247     1.0973       3548        744        204        194      0.207      0.487      0.798      0.657      0.738 
248     1.1043       3548        744        204        194      0.207      0.487      0.798      0.657      0.738 
249     1.1146       3550        742        202        196      0.209      0.492      0.799      0.660      0.738 
250     1.1059       3548        744        204        194      0.207      0.487      0.798      0.657      0.737 
251      1.104       3549        743        203        195      0.208      0.490      0.798      0.658      0.738 
252     1.1089       3549        743        203        195      0.208      0.490      0.798      0.658      0.739 
253     1.1012       3550        742        202        196      0.209      0.492      0.799      0.660      0.739 
254     1.1228       3549        743        203        195      0.208      0.490      0.798      0.658      0.739 
255     1.1065       3547        745        205        193      0.206      0.485      0.797      0.656      0.739 
256      1.104       3551        741        201        197      0.210      0.495      0.799      0.661      0.739 
257     1.1012       3549        743        203        195      0.208      0.490      0.798      0.658      0.739 
258     1.1105       3548        744        204        194      0.207      0.487      0.798      0.657      0.739 
259     1.0989       3550        742        202        196      0.209      0.492      0.799      0.660      0.739 
260     1.1088       3549        743        203        195      0.208      0.490      0.798      0.658      0.739 
261      1.099       3550        742        202        196      0.209      0.492      0.799      0.660      0.739 
262     1.1081       3550        742        202        196      0.209      0.492      0.799      0.660      0.739 
263     1.0988       3549        743        203        195      0.208      0.490      0.798      0.658      0.739 
264     1.1015       3548        744        204        194      0.207      0.487      0.798      0.657      0.738 
265     1.1082       3547        745        205        193      0.206      0.485      0.797      0.656      0.738 
266     1.1011       3549        743        203        195      0.208      0.490      0.798      0.658      0.739 
267      1.109       3549        743        203        195      0.208      0.490      0.798      0.658      0.739 
268      1.111       3549        743        203        195      0.208      0.490      0.798      0.658      0.739 
269     1.1015       3550        742        202        196      0.209      0.492      0.799      0.660      0.739 
270     1.1049       3549        743        203        195      0.208      0.490      0.798      0.658      0.739 
271     1.1017       3549        743        203        195      0.208      0.490      0.798      0.658      0.739 
272     1.1054       3548        744        204        194      0.207      0.487      0.798      0.657      0.739 
273     1.1023       3549        743        203        195      0.208      0.490      0.798      0.658      0.739 
274     1.1099       3548        744        204        194      0.207      0.487      0.798      0.657      0.739 
275     1.1005       3548        744        204        194      0.207      0.487      0.798      0.657      0.738 
276     1.1011       3549        743        203        195      0.208      0.490      0.798      0.658      0.738 
277     1.1067       3550        742        202        196      0.209      0.492      0.799      0.660      0.739 
278     1.1074       3551        741        201        197      0.210      0.495      0.799      0.661      0.740 
279     1.1004       3549        743        203        195      0.208      0.490      0.798      0.658      0.739 
280     1.1129       3549        743        203        195      0.208      0.490      0.798      0.658      0.739 
281     1.1138       3549        743        203        195      0.208      0.490      0.798      0.658      0.740 
282     1.0982       3550        742        202        196      0.209      0.492      0.799      0.660      0.740 
283     1.0946       3551        741        201        197      0.210      0.495      0.799      0.661      0.740 
284     1.1056       3550        742        202        196      0.209      0.492      0.799      0.660      0.739 
285     1.1108       3549        743        203        195      0.208      0.490      0.798      0.658      0.739 
286       1.11       3548        744        204        194      0.207      0.487      0.798      0.657      0.739 
287     1.1091       3549        743        203        195      0.208      0.490      0.798      0.658      0.740 
288      1.113       3551        741        201        197      0.210      0.495      0.799      0.661      0.740 
289     1.0959       3551        741        201        197      0.210      0.495      0.799      0.661      0.740 
290     1.1101       3551        741        201        197      0.210      0.495      0.799      0.661      0.739 
291     1.1098       3550        742        202        196      0.209      0.492      0.799      0.660      0.739 
292     1.1038       3552        740        200        198      0.211      0.497      0.800      0.663      0.740 
293      1.102       3554        738        198        200      0.213      0.503      0.800      0.665      0.740 
294     1.1138       3552        740        200        198      0.211      0.497      0.800      0.663      0.740 
295     1.1081       3551        741        201        197      0.210      0.495      0.799      0.661      0.739 
296     1.1037       3550        742        202        196      0.209      0.492      0.799      0.660      0.739 
297     1.1025       3551        741        201        197      0.210      0.495      0.799      0.661      0.740 
298     1.1062       3550        742        202        196      0.209      0.492      0.799      0.660      0.740 
299     1.1147       3550        742        202        196      0.209      0.492      0.799      0.660      0.740 
300      1.109       3549        743        203        195      0.208      0.490      0.798      0.658      0.739 
