# Number of nodes=5863; Number of edges=33322; Number of node features=5; Model: gcn2.
epoch       loss         tn         fp         fn         tp       prec        rec        acc       bacc        auc 
1     1.3393       3402        890        350         48      0.051      0.121      0.736      0.457      0.375 
2     1.4086       3524        768        228        170      0.181      0.427      0.788      0.624      0.682 
3     1.2498       3534        758        218        180      0.192      0.452      0.792      0.638      0.712 
4      1.277       3528        764        224        174      0.186      0.437      0.789      0.630      0.702 
5     1.2465       3511        781        241        157      0.167      0.394      0.782      0.606      0.679 
6     1.2201       3490        802        262        136      0.145      0.342      0.773      0.577      0.639 
7     1.2201       3493        799        259        139      0.148      0.349      0.774      0.582      0.633 
8     1.2389       3509        783        243        155      0.165      0.389      0.781      0.604      0.664 
9     1.1968       3522        770        230        168      0.179      0.422      0.787      0.621      0.688 
10     1.1982       3527        765        225        173      0.184      0.435      0.789      0.628      0.701 
11     1.2074       3530        762        222        176      0.188      0.442      0.790      0.632      0.707 
12     1.2027       3534        758        218        180      0.192      0.452      0.792      0.638      0.705 
13     1.1859       3532        760        220        178      0.190      0.447      0.791      0.635      0.697 
14     1.1734       3525        767        227        171      0.182      0.430      0.788      0.625      0.689 
15     1.1794       3529        763        223        175      0.187      0.440      0.790      0.631      0.692 
16      1.202       3536        756        216        182      0.194      0.457      0.793      0.641      0.707 
17     1.1845       3542        750        210        188      0.200      0.472      0.795      0.649      0.718 
18     1.1652       3544        748        208        190      0.203      0.477      0.796      0.652      0.722 
19     1.1917       3545        747        207        191      0.204      0.480      0.797      0.653      0.721 
20     1.1816       3546        746        206        192      0.205      0.482      0.797      0.654      0.718 
21     1.1725       3541        751        211        187      0.199      0.470      0.795      0.647      0.712 
22     1.1554       3542        750        210        188      0.200      0.472      0.795      0.649      0.706 
23     1.1747       3542        750        210        188      0.200      0.472      0.795      0.649      0.707 
24     1.1682       3543        749        209        189      0.201      0.475      0.796      0.650      0.712 
25     1.1822       3547        745        205        193      0.206      0.485      0.797      0.656      0.717 
26     1.1532       3547        745        205        193      0.206      0.485      0.797      0.656      0.719 
27     1.1669       3546        746        206        192      0.205      0.482      0.797      0.654      0.719 
28     1.1695       3542        750        210        188      0.200      0.472      0.795      0.649      0.719 
29     1.1566       3542        750        210        188      0.200      0.472      0.795      0.649      0.717 
30     1.1372       3543        749        209        189      0.201      0.475      0.796      0.650      0.715 
31     1.1626       3542        750        210        188      0.200      0.472      0.795      0.649      0.715 
32     1.1495       3543        749        209        189      0.201      0.475      0.796      0.650      0.718 
33     1.1501       3542        750        210        188      0.200      0.472      0.795      0.649      0.721 
34     1.1604       3541        751        211        187      0.199      0.470      0.795      0.647      0.722 
35      1.152       3542        750        210        188      0.200      0.472      0.795      0.649      0.722 
36     1.1535       3541        751        211        187      0.199      0.470      0.795      0.647      0.721 
37     1.1405       3540        752        212        186      0.198      0.467      0.794      0.646      0.720 
38      1.146       3541        751        211        187      0.199      0.470      0.795      0.647      0.719 
39     1.1627       3540        752        212        186      0.198      0.467      0.794      0.646      0.720 
40     1.1463       3542        750        210        188      0.200      0.472      0.795      0.649      0.722 
41     1.1479       3544        748        208        190      0.203      0.477      0.796      0.652      0.723 
42     1.1357       3544        748        208        190      0.203      0.477      0.796      0.652      0.724 
43     1.1397       3546        746        206        192      0.205      0.482      0.797      0.654      0.724 
44     1.1516       3551        741        201        197      0.210      0.495      0.799      0.661      0.724 
45     1.1407       3554        738        198        200      0.213      0.503      0.800      0.665      0.723 
46     1.1424       3552        740        200        198      0.211      0.497      0.800      0.663      0.723 
47     1.1409       3553        739        199        199      0.212      0.500      0.800      0.664      0.723 
48     1.1338       3554        738        198        200      0.213      0.503      0.800      0.665      0.724 
49     1.1417       3555        737        197        201      0.214      0.505      0.801      0.667      0.724 
50       1.15       3556        736        196        202      0.215      0.508      0.801      0.668      0.726 
51     1.1432       3555        737        197        201      0.214      0.505      0.801      0.667      0.727 
52     1.1349       3549        743        203        195      0.208      0.490      0.798      0.658      0.728 
53      1.132       3548        744        204        194      0.207      0.487      0.798      0.657      0.728 
54     1.1207       3548        744        204        194      0.207      0.487      0.798      0.657      0.727 
55     1.1394       3548        744        204        194      0.207      0.487      0.798      0.657      0.727 
56     1.1346       3547        745        205        193      0.206      0.485      0.797      0.656      0.728 
57     1.1374       3545        747        207        191      0.204      0.480      0.797      0.653      0.729 
58     1.1361       3547        745        205        193      0.206      0.485      0.797      0.656      0.729 
59     1.1307       3548        744        204        194      0.207      0.487      0.798      0.657      0.730 
60     1.1292       3547        745        205        193      0.206      0.485      0.797      0.656      0.730 
61     1.1283       3547        745        205        193      0.206      0.485      0.797      0.656      0.729 
62      1.133       3547        745        205        193      0.206      0.485      0.797      0.656      0.729 
63     1.1211       3547        745        205        193      0.206      0.485      0.797      0.656      0.729 
64      1.122       3547        745        205        193      0.206      0.485      0.797      0.656      0.730 
65     1.1184       3549        743        203        195      0.208      0.490      0.798      0.658      0.731 
66     1.1275       3550        742        202        196      0.209      0.492      0.799      0.660      0.731 
67     1.1287       3550        742        202        196      0.209      0.492      0.799      0.660      0.731 
68     1.1292       3548        744        204        194      0.207      0.487      0.798      0.657      0.731 
69     1.1245       3549        743        203        195      0.208      0.490      0.798      0.658      0.731 
70      1.127       3550        742        202        196      0.209      0.492      0.799      0.660      0.732 
71     1.1306       3554        738        198        200      0.213      0.503      0.800      0.665      0.734 
72     1.1088       3553        739        199        199      0.212      0.500      0.800      0.664      0.735 
73     1.1207       3554        738        198        200      0.213      0.503      0.800      0.665      0.735 
74     1.1244       3553        739        199        199      0.212      0.500      0.800      0.664      0.735 
75     1.1187       3553        739        199        199      0.212      0.500      0.800      0.664      0.735 
76     1.1255       3553        739        199        199      0.212      0.500      0.800      0.664      0.735 
77     1.1254       3553        739        199        199      0.212      0.500      0.800      0.664      0.735 
78     1.1169       3554        738        198        200      0.213      0.503      0.800      0.665      0.735 
79     1.1289       3555        737        197        201      0.214      0.505      0.801      0.667      0.736 
80     1.1152       3555        737        197        201      0.214      0.505      0.801      0.667      0.736 
81     1.1139       3553        739        199        199      0.212      0.500      0.800      0.664      0.735 
82     1.1192       3554        738        198        200      0.213      0.503      0.800      0.665      0.735 
83     1.1218       3552        740        200        198      0.211      0.497      0.800      0.663      0.736 
84     1.1257       3550        742        202        196      0.209      0.492      0.799      0.660      0.737 
85     1.1064       3552        740        200        198      0.211      0.497      0.800      0.663      0.737 
86     1.1159       3551        741        201        197      0.210      0.495      0.799      0.661      0.737 
87     1.1213       3554        738        198        200      0.213      0.503      0.800      0.665      0.738 
88     1.1141       3556        736        196        202      0.215      0.508      0.801      0.668      0.738 
89     1.1244       3559        733        193        205      0.219      0.515      0.803      0.672      0.738 
90     1.1131       3560        732        192        206      0.220      0.518      0.803      0.674      0.738 
91     1.1216       3560        732        192        206      0.220      0.518      0.803      0.674      0.739 
92     1.1204       3560        732        192        206      0.220      0.518      0.803      0.674      0.739 
93      1.119       3558        734        194        204      0.217      0.513      0.802      0.671      0.739 
94     1.1149       3556        736        196        202      0.215      0.508      0.801      0.668      0.740 
95      1.118       3555        737        197        201      0.214      0.505      0.801      0.667      0.740 
96     1.1212       3555        737        197        201      0.214      0.505      0.801      0.667      0.740 
97     1.1128       3557        735        195        203      0.216      0.510      0.802      0.669      0.741 
98     1.1155       3557        735        195        203      0.216      0.510      0.802      0.669      0.741 
99     1.1195       3556        736        196        202      0.215      0.508      0.801      0.668      0.741 
100     1.1242       3558        734        194        204      0.217      0.513      0.802      0.671      0.740 
101     1.1193       3557        735        195        203      0.216      0.510      0.802      0.669      0.741 
102      1.112       3557        735        195        203      0.216      0.510      0.802      0.669      0.741 
103     1.1132       3553        739        199        199      0.212      0.500      0.800      0.664      0.742 
104     1.1127       3551        741        201        197      0.210      0.495      0.799      0.661      0.742 
105     1.1157       3551        741        201        197      0.210      0.495      0.799      0.661      0.742 
106     1.1099       3551        741        201        197      0.210      0.495      0.799      0.661      0.741 
107      1.119       3553        739        199        199      0.212      0.500      0.800      0.664      0.742 
108     1.1252       3554        738        198        200      0.213      0.503      0.800      0.665      0.742 
109     1.1037       3554        738        198        200      0.213      0.503      0.800      0.665      0.742 
110     1.1115       3555        737        197        201      0.214      0.505      0.801      0.667      0.742 
111     1.1092       3555        737        197        201      0.214      0.505      0.801      0.667      0.742 
112     1.1157       3555        737        197        201      0.214      0.505      0.801      0.667      0.742 
113     1.1181       3555        737        197        201      0.214      0.505      0.801      0.667      0.743 
114      1.109       3554        738        198        200      0.213      0.503      0.800      0.665      0.743 
115     1.1077       3557        735        195        203      0.216      0.510      0.802      0.669      0.743 
116      1.109       3558        734        194        204      0.217      0.513      0.802      0.671      0.743 
117     1.1113       3556        736        196        202      0.215      0.508      0.801      0.668      0.744 
118     1.1279       3553        739        199        199      0.212      0.500      0.800      0.664      0.745 
119     1.1103       3552        740        200        198      0.211      0.497      0.800      0.663      0.745 
120     1.1065       3550        742        202        196      0.209      0.492      0.799      0.660      0.745 
121     1.1092       3551        741        201        197      0.210      0.495      0.799      0.661      0.745 
122      1.113       3552        740        200        198      0.211      0.497      0.800      0.663      0.744 
123     1.1211       3553        739        199        199      0.212      0.500      0.800      0.664      0.745 
124     1.1103       3555        737        197        201      0.214      0.505      0.801      0.667      0.745 
125      1.116       3554        738        198        200      0.213      0.503      0.800      0.665      0.745 
126     1.1091       3554        738        198        200      0.213      0.503      0.800      0.665      0.745 
127      1.099       3554        738        198        200      0.213      0.503      0.800      0.665      0.745 
128      1.105       3556        736        196        202      0.215      0.508      0.801      0.668      0.745 
129     1.1052       3555        737        197        201      0.214      0.505      0.801      0.667      0.745 
130     1.1119       3553        739        199        199      0.212      0.500      0.800      0.664      0.746 
131     1.1059       3554        738        198        200      0.213      0.503      0.800      0.665      0.746 
132     1.1105       3553        739        199        199      0.212      0.500      0.800      0.664      0.746 
133     1.1098       3555        737        197        201      0.214      0.505      0.801      0.667      0.746 
134     1.1117       3555        737        197        201      0.214      0.505      0.801      0.667      0.746 
135     1.1031       3556        736        196        202      0.215      0.508      0.801      0.668      0.746 
136     1.1108       3558        734        194        204      0.217      0.513      0.802      0.671      0.746 
137      1.112       3556        736        196        202      0.215      0.508      0.801      0.668      0.747 
138     1.0956       3557        735        195        203      0.216      0.510      0.802      0.669      0.747 
139     1.0997       3555        737        197        201      0.214      0.505      0.801      0.667      0.747 
140     1.0933       3553        739        199        199      0.212      0.500      0.800      0.664      0.747 
141     1.1003       3553        739        199        199      0.212      0.500      0.800      0.664      0.747 
142     1.1056       3554        738        198        200      0.213      0.503      0.800      0.665      0.748 
143     1.1041       3554        738        198        200      0.213      0.503      0.800      0.665      0.748 
144     1.1058       3553        739        199        199      0.212      0.500      0.800      0.664      0.748 
145     1.1071       3555        737        197        201      0.214      0.505      0.801      0.667      0.748 
146     1.1067       3557        735        195        203      0.216      0.510      0.802      0.669      0.749 
147     1.1008       3557        735        195        203      0.216      0.510      0.802      0.669      0.749 
148      1.105       3555        737        197        201      0.214      0.505      0.801      0.667      0.749 
149     1.1005       3556        736        196        202      0.215      0.508      0.801      0.668      0.749 
150     1.1088       3557        735        195        203      0.216      0.510      0.802      0.669      0.748 
151     1.1097       3556        736        196        202      0.215      0.508      0.801      0.668      0.748 
152     1.0995       3556        736        196        202      0.215      0.508      0.801      0.668      0.749 
153     1.1091       3554        738        198        200      0.213      0.503      0.800      0.665      0.749 
154     1.1123       3555        737        197        201      0.214      0.505      0.801      0.667      0.749 
155      1.106       3556        736        196        202      0.215      0.508      0.801      0.668      0.749 
156     1.1059       3555        737        197        201      0.214      0.505      0.801      0.667      0.749 
157      1.107       3554        738        198        200      0.213      0.503      0.800      0.665      0.749 
158     1.1074       3553        739        199        199      0.212      0.500      0.800      0.664      0.749 
159     1.1033       3553        739        199        199      0.212      0.500      0.800      0.664      0.749 
160     1.1101       3552        740        200        198      0.211      0.497      0.800      0.663      0.749 
161     1.0945       3556        736        196        202      0.215      0.508      0.801      0.668      0.749 
162     1.1011       3556        736        196        202      0.215      0.508      0.801      0.668      0.749 
163     1.1077       3555        737        197        201      0.214      0.505      0.801      0.667      0.750 
164     1.0969       3557        735        195        203      0.216      0.510      0.802      0.669      0.750 
165     1.0958       3558        734        194        204      0.217      0.513      0.802      0.671      0.750 
166     1.1058       3557        735        195        203      0.216      0.510      0.802      0.669      0.750 
167     1.0994       3558        734        194        204      0.217      0.513      0.802      0.671      0.751 
168     1.0987       3559        733        193        205      0.219      0.515      0.803      0.672      0.751 
169     1.1054       3557        735        195        203      0.216      0.510      0.802      0.669      0.751 
170     1.0958       3561        731        191        207      0.221      0.520      0.803      0.675      0.751 
171     1.0991       3559        733        193        205      0.219      0.515      0.803      0.672      0.751 
172     1.0877       3560        732        192        206      0.220      0.518      0.803      0.674      0.751 
173     1.0972       3557        735        195        203      0.216      0.510      0.802      0.669      0.751 
174     1.0987       3556        736        196        202      0.215      0.508      0.801      0.668      0.751 
175     1.1042       3555        737        197        201      0.214      0.505      0.801      0.667      0.751 
176     1.0811       3555        737        197        201      0.214      0.505      0.801      0.667      0.751 
177     1.1103       3557        735        195        203      0.216      0.510      0.802      0.669      0.751 
178     1.0972       3556        736        196        202      0.215      0.508      0.801      0.668      0.751 
179     1.1059       3557        735        195        203      0.216      0.510      0.802      0.669      0.752 
180     1.0894       3554        738        198        200      0.213      0.503      0.800      0.665      0.752 
181     1.1009       3554        738        198        200      0.213      0.503      0.800      0.665      0.753 
182     1.1014       3557        735        195        203      0.216      0.510      0.802      0.669      0.753 
183     1.0965       3556        736        196        202      0.215      0.508      0.801      0.668      0.752 
184     1.0956       3558        734        194        204      0.217      0.513      0.802      0.671      0.752 
185     1.0982       3558        734        194        204      0.217      0.513      0.802      0.671      0.752 
186     1.0877       3558        734        194        204      0.217      0.513      0.802      0.671      0.752 
187     1.0919       3558        734        194        204      0.217      0.513      0.802      0.671      0.752 
188     1.0976       3558        734        194        204      0.217      0.513      0.802      0.671      0.752 
189     1.0953       3558        734        194        204      0.217      0.513      0.802      0.671      0.752 
190     1.0916       3559        733        193        205      0.219      0.515      0.803      0.672      0.752 
191     1.1007       3559        733        193        205      0.219      0.515      0.803      0.672      0.752 
192      1.097       3560        732        192        206      0.220      0.518      0.803      0.674      0.752 
193     1.0921       3559        733        193        205      0.219      0.515      0.803      0.672      0.752 
194     1.0945       3559        733        193        205      0.219      0.515      0.803      0.672      0.753 
195     1.0893       3558        734        194        204      0.217      0.513      0.802      0.671      0.753 
196     1.0962       3558        734        194        204      0.217      0.513      0.802      0.671      0.753 
197     1.0981       3558        734        194        204      0.217      0.513      0.802      0.671      0.753 
198     1.1034       3556        736        196        202      0.215      0.508      0.801      0.668      0.754 
199     1.1023       3559        733        193        205      0.219      0.515      0.803      0.672      0.753 
200     1.0987       3556        736        196        202      0.215      0.508      0.801      0.668      0.752 
201     1.0952       3556        736        196        202      0.215      0.508      0.801      0.668      0.752 
202     1.0985       3557        735        195        203      0.216      0.510      0.802      0.669      0.753 
203     1.0889       3555        737        197        201      0.214      0.505      0.801      0.667      0.752 
204     1.0959       3557        735        195        203      0.216      0.510      0.802      0.669      0.752 
205     1.0932       3557        735        195        203      0.216      0.510      0.802      0.669      0.752 
206     1.0949       3558        734        194        204      0.217      0.513      0.802      0.671      0.753 
207     1.1025       3558        734        194        204      0.217      0.513      0.802      0.671      0.753 
208     1.1009       3559        733        193        205      0.219      0.515      0.803      0.672      0.754 
209     1.0923       3559        733        193        205      0.219      0.515      0.803      0.672      0.754 
210     1.0921       3560        732        192        206      0.220      0.518      0.803      0.674      0.755 
211     1.0969       3560        732        192        206      0.220      0.518      0.803      0.674      0.755 
212     1.0974       3561        731        191        207      0.221      0.520      0.803      0.675      0.754 
213     1.0992       3560        732        192        206      0.220      0.518      0.803      0.674      0.754 
214     1.0943       3560        732        192        206      0.220      0.518      0.803      0.674      0.754 
215     1.0952       3560        732        192        206      0.220      0.518      0.803      0.674      0.755 
216     1.0882       3561        731        191        207      0.221      0.520      0.803      0.675      0.755 
217      1.087       3559        733        193        205      0.219      0.515      0.803      0.672      0.755 
218     1.0962       3561        731        191        207      0.221      0.520      0.803      0.675      0.755 
219     1.0887       3559        733        193        205      0.219      0.515      0.803      0.672      0.755 
220     1.0954       3559        733        193        205      0.219      0.515      0.803      0.672      0.755 
221     1.1024       3559        733        193        205      0.219      0.515      0.803      0.672      0.755 
222     1.0954       3561        731        191        207      0.221      0.520      0.803      0.675      0.755 
223     1.1065       3563        729        189        209      0.223      0.525      0.804      0.678      0.755 
224     1.0852       3564        728        188        210      0.224      0.528      0.805      0.679      0.755 
225     1.0928       3563        729        189        209      0.223      0.525      0.804      0.678      0.755 
226     1.0971       3561        731        191        207      0.221      0.520      0.803      0.675      0.754 
227     1.0891       3561        731        191        207      0.221      0.520      0.803      0.675      0.754 
228     1.0958       3559        733        193        205      0.219      0.515      0.803      0.672      0.754 
229     1.0897       3560        732        192        206      0.220      0.518      0.803      0.674      0.754 
230     1.1005       3559        733        193        205      0.219      0.515      0.803      0.672      0.755 
231     1.1007       3558        734        194        204      0.217      0.513      0.802      0.671      0.755 
232     1.0906       3563        729        189        209      0.223      0.525      0.804      0.678      0.756 
233     1.0987       3561        731        191        207      0.221      0.520      0.803      0.675      0.756 
234     1.0971       3563        729        189        209      0.223      0.525      0.804      0.678      0.755 
235     1.0972       3561        731        191        207      0.221      0.520      0.803      0.675      0.755 
236     1.0872       3559        733        193        205      0.219      0.515      0.803      0.672      0.756 
237     1.0883       3560        732        192        206      0.220      0.518      0.803      0.674      0.756 
238     1.0919       3558        734        194        204      0.217      0.513      0.802      0.671      0.755 
239     1.0816       3558        734        194        204      0.217      0.513      0.802      0.671      0.754 
240     1.0932       3560        732        192        206      0.220      0.518      0.803      0.674      0.754 
241     1.0982       3559        733        193        205      0.219      0.515      0.803      0.672      0.755 
242     1.0846       3559        733        193        205      0.219      0.515      0.803      0.672      0.756 
243     1.0943       3560        732        192        206      0.220      0.518      0.803      0.674      0.756 
244     1.0807       3563        729        189        209      0.223      0.525      0.804      0.678      0.756 
245      1.094       3560        732        192        206      0.220      0.518      0.803      0.674      0.757 
246     1.0869       3557        735        195        203      0.216      0.510      0.802      0.669      0.756 
247     1.0849       3556        736        196        202      0.215      0.508      0.801      0.668      0.756 
248     1.0973       3561        731        191        207      0.221      0.520      0.803      0.675      0.756 
249     1.0916       3561        731        191        207      0.221      0.520      0.803      0.675      0.755 
250      1.075       3559        733        193        205      0.219      0.515      0.803      0.672      0.755 
251     1.0917       3560        732        192        206      0.220      0.518      0.803      0.674      0.755 
252     1.0907       3559        733        193        205      0.219      0.515      0.803      0.672      0.756 
253     1.0868       3563        729        189        209      0.223      0.525      0.804      0.678      0.758 
254     1.0956       3563        729        189        209      0.223      0.525      0.804      0.678      0.759 
255     1.0796       3562        730        190        208      0.222      0.523      0.804      0.676      0.758 
256     1.0929       3560        732        192        206      0.220      0.518      0.803      0.674      0.758 
257     1.0857       3558        734        194        204      0.217      0.513      0.802      0.671      0.758 
258     1.0897       3558        734        194        204      0.217      0.513      0.802      0.671      0.757 
259      1.095       3560        732        192        206      0.220      0.518      0.803      0.674      0.757 
260      1.079       3561        731        191        207      0.221      0.520      0.803      0.675      0.756 
261     1.0781       3559        733        193        205      0.219      0.515      0.803      0.672      0.756 
262     1.0814       3560        732        192        206      0.220      0.518      0.803      0.674      0.757 
263     1.0837       3563        729        189        209      0.223      0.525      0.804      0.678      0.758 
264     1.0946       3562        730        190        208      0.222      0.523      0.804      0.676      0.759 
265     1.0873       3562        730        190        208      0.222      0.523      0.804      0.676      0.759 
266     1.0804       3561        731        191        207      0.221      0.520      0.803      0.675      0.759 
267     1.0844       3560        732        192        206      0.220      0.518      0.803      0.674      0.758 
268      1.095       3563        729        189        209      0.223      0.525      0.804      0.678      0.758 
269     1.0945       3562        730        190        208      0.222      0.523      0.804      0.676      0.758 
270     1.0785       3562        730        190        208      0.222      0.523      0.804      0.676      0.758 
271     1.0827       3561        731        191        207      0.221      0.520      0.803      0.675      0.757 
272     1.0798       3560        732        192        206      0.220      0.518      0.803      0.674      0.758 
273     1.0746       3560        732        192        206      0.220      0.518      0.803      0.674      0.759 
274     1.0975       3560        732        192        206      0.220      0.518      0.803      0.674      0.760 
275     1.0849       3566        726        186        212      0.226      0.533      0.806      0.682      0.761 
276     1.0719       3567        725        185        213      0.227      0.535      0.806      0.683      0.760 
277     1.0975       3565        727        187        211      0.225      0.530      0.805      0.680      0.760 
278     1.0876       3563        729        189        209      0.223      0.525      0.804      0.678      0.759 
279     1.0827       3560        732        192        206      0.220      0.518      0.803      0.674      0.759 
280     1.0833       3560        732        192        206      0.220      0.518      0.803      0.674      0.758 
281     1.0917       3560        732        192        206      0.220      0.518      0.803      0.674      0.758 
282     1.0868       3560        732        192        206      0.220      0.518      0.803      0.674      0.758 
283     1.0932       3560        732        192        206      0.220      0.518      0.803      0.674      0.759 
284     1.0785       3563        729        189        209      0.223      0.525      0.804      0.678      0.760 
285     1.0891       3561        731        191        207      0.221      0.520      0.803      0.675      0.761 
286     1.0843       3563        729        189        209      0.223      0.525      0.804      0.678      0.762 
287     1.0893       3560        732        192        206      0.220      0.518      0.803      0.674      0.761 
288     1.0958       3558        734        194        204      0.217      0.513      0.802      0.671      0.761 
289     1.0996       3559        733        193        205      0.219      0.515      0.803      0.672      0.760 
290     1.0811       3559        733        193        205      0.219      0.515      0.803      0.672      0.760 
291     1.0899       3560        732        192        206      0.220      0.518      0.803      0.674      0.760 
292      1.081       3562        730        190        208      0.222      0.523      0.804      0.676      0.760 
293      1.088       3564        728        188        210      0.224      0.528      0.805      0.679      0.760 
294     1.0868       3565        727        187        211      0.225      0.530      0.805      0.680      0.760 
295     1.0912       3561        731        191        207      0.221      0.520      0.803      0.675      0.761 
296     1.0772       3563        729        189        209      0.223      0.525      0.804      0.678      0.761 
297     1.0811       3561        731        191        207      0.221      0.520      0.803      0.675      0.761 
298     1.0771       3561        731        191        207      0.221      0.520      0.803      0.675      0.760 
299     1.0904       3560        732        192        206      0.220      0.518      0.803      0.674      0.760 
300     1.0867       3562        730        190        208      0.222      0.523      0.804      0.676      0.760 
