# Number of nodes=5863; Number of edges=33322; Number of node features=5; Model: gat.
epoch       loss         tn         fp         fn         tp       prec        rec        acc       bacc        auc 
1     1.7152       3417        875        335         63      0.067      0.158      0.742      0.477      0.426 
2     1.6167       3431        861        321         77      0.082      0.193      0.748      0.496      0.480 
3     1.3478       3451        841        301         97      0.103      0.244      0.757      0.524      0.542 
4     1.3558       3484        808        268        130      0.139      0.327      0.771      0.569      0.618 
5     1.2531       3502        790        250        148      0.158      0.372      0.778      0.594      0.656 
6     1.2393       3504        788        248        150      0.160      0.377      0.779      0.597      0.673 
7     1.2418       3510        782        242        156      0.166      0.392      0.782      0.605      0.682 
8     1.1919       3511        781        241        157      0.167      0.394      0.782      0.606      0.687 
9     1.1772       3517        775        235        163      0.174      0.410      0.785      0.614      0.690 
10     1.2528       3518        774        234        164      0.175      0.412      0.785      0.616      0.693 
11     1.1911       3520        772        232        166      0.177      0.417      0.786      0.619      0.694 
12      1.185       3518        774        234        164      0.175      0.412      0.785      0.616      0.695 
13     1.2027       3517        775        235        163      0.174      0.410      0.785      0.614      0.695 
14     1.1981       3516        776        236        162      0.173      0.407      0.784      0.613      0.695 
15     1.2004       3515        777        237        161      0.172      0.405      0.784      0.612      0.695 
16     1.1893       3516        776        236        162      0.173      0.407      0.784      0.613      0.696 
17     1.1826       3516        776        236        162      0.173      0.407      0.784      0.613      0.696 
18     1.1904       3515        777        237        161      0.172      0.405      0.784      0.612      0.696 
19     1.1828       3517        775        235        163      0.174      0.410      0.785      0.614      0.696 
20     1.1855       3516        776        236        162      0.173      0.407      0.784      0.613      0.696 
21     1.1817       3519        773        233        165      0.176      0.415      0.786      0.617      0.696 
22     1.1732       3520        772        232        166      0.177      0.417      0.786      0.619      0.696 
23     1.1751       3520        772        232        166      0.177      0.417      0.786      0.619      0.696 
24     1.1771       3520        772        232        166      0.177      0.417      0.786      0.619      0.697 
25       1.18       3521        771        231        167      0.178      0.420      0.786      0.620      0.697 
26     1.1737       3519        773        233        165      0.176      0.415      0.786      0.617      0.697 
27     1.1746       3521        771        231        167      0.178      0.420      0.786      0.620      0.698 
28     1.1766       3521        771        231        167      0.178      0.420      0.786      0.620      0.698 
29     1.1789       3521        771        231        167      0.178      0.420      0.786      0.620      0.699 
30     1.1691       3521        771        231        167      0.178      0.420      0.786      0.620      0.699 
31     1.1732       3521        771        231        167      0.178      0.420      0.786      0.620      0.700 
32     1.1739       3524        768        228        170      0.181      0.427      0.788      0.624      0.700 
33     1.1674       3526        766        226        172      0.183      0.432      0.788      0.627      0.700 
34     1.1512       3528        764        224        174      0.186      0.437      0.789      0.630      0.700 
35     1.1644       3527        765        225        173      0.184      0.435      0.789      0.628      0.700 
36     1.1631       3527        765        225        173      0.184      0.435      0.789      0.628      0.701 
37     1.1594       3527        765        225        173      0.184      0.435      0.789      0.628      0.701 
38     1.1715       3528        764        224        174      0.186      0.437      0.789      0.630      0.701 
39     1.1624       3525        767        227        171      0.182      0.430      0.788      0.625      0.701 
40     1.1577       3527        765        225        173      0.184      0.435      0.789      0.628      0.702 
41     1.1628       3528        764        224        174      0.186      0.437      0.789      0.630      0.702 
42     1.1631       3528        764        224        174      0.186      0.437      0.789      0.630      0.702 
43     1.1611       3527        765        225        173      0.184      0.435      0.789      0.628      0.702 
44     1.1496       3526        766        226        172      0.183      0.432      0.788      0.627      0.703 
45     1.1559       3526        766        226        172      0.183      0.432      0.788      0.627      0.703 
46     1.1541       3526        766        226        172      0.183      0.432      0.788      0.627      0.703 
47     1.1642       3525        767        227        171      0.182      0.430      0.788      0.625      0.703 
48     1.1486       3525        767        227        171      0.182      0.430      0.788      0.625      0.704 
49     1.1611       3525        767        227        171      0.182      0.430      0.788      0.625      0.704 
50      1.163       3525        767        227        171      0.182      0.430      0.788      0.625      0.704 
51     1.1537       3524        768        228        170      0.181      0.427      0.788      0.624      0.704 
52     1.1517       3524        768        228        170      0.181      0.427      0.788      0.624      0.704 
53     1.1545       3524        768        228        170      0.181      0.427      0.788      0.624      0.704 
54     1.1505       3525        767        227        171      0.182      0.430      0.788      0.625      0.705 
55     1.1521       3525        767        227        171      0.182      0.430      0.788      0.625      0.705 
56     1.1552       3524        768        228        170      0.181      0.427      0.788      0.624      0.705 
57     1.1568       3523        769        229        169      0.180      0.425      0.787      0.623      0.705 
58     1.1561       3523        769        229        169      0.180      0.425      0.787      0.623      0.705 
59     1.1632       3525        767        227        171      0.182      0.430      0.788      0.625      0.705 
60      1.147       3525        767        227        171      0.182      0.430      0.788      0.625      0.705 
61       1.16       3526        766        226        172      0.183      0.432      0.788      0.627      0.705 
62     1.1503       3525        767        227        171      0.182      0.430      0.788      0.625      0.705 
63     1.1506       3525        767        227        171      0.182      0.430      0.788      0.625      0.705 
64     1.1678       3523        769        229        169      0.180      0.425      0.787      0.623      0.705 
65     1.1452       3525        767        227        171      0.182      0.430      0.788      0.625      0.706 
66     1.1559       3524        768        228        170      0.181      0.427      0.788      0.624      0.706 
67     1.1506       3524        768        228        170      0.181      0.427      0.788      0.624      0.706 
68     1.1529       3526        766        226        172      0.183      0.432      0.788      0.627      0.706 
69     1.1652       3525        767        227        171      0.182      0.430      0.788      0.625      0.706 
70     1.1558       3525        767        227        171      0.182      0.430      0.788      0.625      0.706 
71     1.1563       3527        765        225        173      0.184      0.435      0.789      0.628      0.707 
72     1.1511       3524        768        228        170      0.181      0.427      0.788      0.624      0.707 
73     1.1552       3525        767        227        171      0.182      0.430      0.788      0.625      0.707 
74     1.1498       3525        767        227        171      0.182      0.430      0.788      0.625      0.707 
75     1.1498       3527        765        225        173      0.184      0.435      0.789      0.628      0.707 
76     1.1504       3527        765        225        173      0.184      0.435      0.789      0.628      0.707 
77     1.1458       3528        764        224        174      0.186      0.437      0.789      0.630      0.707 
78     1.1504       3527        765        225        173      0.184      0.435      0.789      0.628      0.707 
79      1.148       3525        767        227        171      0.182      0.430      0.788      0.625      0.707 
80     1.1485       3527        765        225        173      0.184      0.435      0.789      0.628      0.708 
81     1.1523       3527        765        225        173      0.184      0.435      0.789      0.628      0.708 
82     1.1519       3527        765        225        173      0.184      0.435      0.789      0.628      0.708 
83     1.1565       3527        765        225        173      0.184      0.435      0.789      0.628      0.708 
84     1.1437       3526        766        226        172      0.183      0.432      0.788      0.627      0.708 
85     1.1444       3527        765        225        173      0.184      0.435      0.789      0.628      0.708 
86     1.1514       3528        764        224        174      0.186      0.437      0.789      0.630      0.708 
87       1.15       3528        764        224        174      0.186      0.437      0.789      0.630      0.708 
88     1.1535       3527        765        225        173      0.184      0.435      0.789      0.628      0.708 
89     1.1505       3526        766        226        172      0.183      0.432      0.788      0.627      0.709 
90     1.1423       3527        765        225        173      0.184      0.435      0.789      0.628      0.709 
91      1.149       3527        765        225        173      0.184      0.435      0.789      0.628      0.709 
92     1.1519       3527        765        225        173      0.184      0.435      0.789      0.628      0.709 
93     1.1506       3527        765        225        173      0.184      0.435      0.789      0.628      0.709 
94     1.1556       3527        765        225        173      0.184      0.435      0.789      0.628      0.709 
95     1.1606       3527        765        225        173      0.184      0.435      0.789      0.628      0.709 
96     1.1443       3525        767        227        171      0.182      0.430      0.788      0.625      0.709 
97     1.1491       3526        766        226        172      0.183      0.432      0.788      0.627      0.710 
98     1.1562       3527        765        225        173      0.184      0.435      0.789      0.628      0.710 
99     1.1571       3526        766        226        172      0.183      0.432      0.788      0.627      0.710 
100     1.1551       3526        766        226        172      0.183      0.432      0.788      0.627      0.710 
101     1.1455       3527        765        225        173      0.184      0.435      0.789      0.628      0.710 
102     1.1479       3527        765        225        173      0.184      0.435      0.789      0.628      0.710 
103     1.1458       3527        765        225        173      0.184      0.435      0.789      0.628      0.710 
104     1.1485       3526        766        226        172      0.183      0.432      0.788      0.627      0.710 
105     1.1473       3526        766        226        172      0.183      0.432      0.788      0.627      0.710 
106     1.1472       3529        763        223        175      0.187      0.440      0.790      0.631      0.710 
107     1.1423       3529        763        223        175      0.187      0.440      0.790      0.631      0.710 
108     1.1469       3529        763        223        175      0.187      0.440      0.790      0.631      0.711 
109     1.1462       3529        763        223        175      0.187      0.440      0.790      0.631      0.711 
110     1.1411       3527        765        225        173      0.184      0.435      0.789      0.628      0.711 
111     1.1466       3526        766        226        172      0.183      0.432      0.788      0.627      0.711 
112     1.1425       3528        764        224        174      0.186      0.437      0.789      0.630      0.711 
113     1.1482       3527        765        225        173      0.184      0.435      0.789      0.628      0.711 
114     1.1536       3529        763        223        175      0.187      0.440      0.790      0.631      0.711 
115     1.1498       3528        764        224        174      0.186      0.437      0.789      0.630      0.711 
116     1.1491       3529        763        223        175      0.187      0.440      0.790      0.631      0.711 
117     1.1482       3528        764        224        174      0.186      0.437      0.789      0.630      0.711 
118     1.1438       3529        763        223        175      0.187      0.440      0.790      0.631      0.711 
119      1.149       3529        763        223        175      0.187      0.440      0.790      0.631      0.711 
120      1.147       3529        763        223        175      0.187      0.440      0.790      0.631      0.711 
121     1.1423       3527        765        225        173      0.184      0.435      0.789      0.628      0.712 
122     1.1499       3527        765        225        173      0.184      0.435      0.789      0.628      0.712 
123     1.1563       3526        766        226        172      0.183      0.432      0.788      0.627      0.712 
124     1.1444       3527        765        225        173      0.184      0.435      0.789      0.628      0.712 
125      1.144       3528        764        224        174      0.186      0.437      0.789      0.630      0.712 
126     1.1426       3528        764        224        174      0.186      0.437      0.789      0.630      0.712 
127     1.1391       3528        764        224        174      0.186      0.437      0.789      0.630      0.712 
128     1.1445       3529        763        223        175      0.187      0.440      0.790      0.631      0.712 
129     1.1458       3529        763        223        175      0.187      0.440      0.790      0.631      0.712 
130     1.1477       3529        763        223        175      0.187      0.440      0.790      0.631      0.712 
131     1.1458       3529        763        223        175      0.187      0.440      0.790      0.631      0.712 
132     1.1424       3529        763        223        175      0.187      0.440      0.790      0.631      0.712 
133     1.1403       3529        763        223        175      0.187      0.440      0.790      0.631      0.712 
134     1.1442       3530        762        222        176      0.188      0.442      0.790      0.632      0.712 
135     1.1417       3530        762        222        176      0.188      0.442      0.790      0.632      0.713 
136     1.1357       3530        762        222        176      0.188      0.442      0.790      0.632      0.713 
137     1.1403       3531        761        221        177      0.189      0.445      0.791      0.634      0.713 
138     1.1408       3530        762        222        176      0.188      0.442      0.790      0.632      0.713 
139     1.1389       3530        762        222        176      0.188      0.442      0.790      0.632      0.713 
140     1.1431       3530        762        222        176      0.188      0.442      0.790      0.632      0.713 
141     1.1474       3531        761        221        177      0.189      0.445      0.791      0.634      0.713 
142      1.143       3532        760        220        178      0.190      0.447      0.791      0.635      0.713 
143     1.1407       3532        760        220        178      0.190      0.447      0.791      0.635      0.713 
144     1.1421       3533        759        219        179      0.191      0.450      0.791      0.636      0.713 
145      1.139       3531        761        221        177      0.189      0.445      0.791      0.634      0.713 
146     1.1497       3531        761        221        177      0.189      0.445      0.791      0.634      0.714 
147     1.1434       3531        761        221        177      0.189      0.445      0.791      0.634      0.714 
148     1.1494       3531        761        221        177      0.189      0.445      0.791      0.634      0.714 
149     1.1439       3531        761        221        177      0.189      0.445      0.791      0.634      0.714 
150     1.1472       3531        761        221        177      0.189      0.445      0.791      0.634      0.714 
151     1.1502       3532        760        220        178      0.190      0.447      0.791      0.635      0.714 
152     1.1423       3530        762        222        176      0.188      0.442      0.790      0.632      0.714 
153     1.1473       3530        762        222        176      0.188      0.442      0.790      0.632      0.714 
154     1.1376       3528        764        224        174      0.186      0.437      0.789      0.630      0.714 
155     1.1431       3526        766        226        172      0.183      0.432      0.788      0.627      0.714 
156     1.1409       3525        767        227        171      0.182      0.430      0.788      0.625      0.714 
157     1.1415       3526        766        226        172      0.183      0.432      0.788      0.627      0.714 
158     1.1425       3526        766        226        172      0.183      0.432      0.788      0.627      0.714 
159     1.1437       3527        765        225        173      0.184      0.435      0.789      0.628      0.714 
160     1.1475       3527        765        225        173      0.184      0.435      0.789      0.628      0.714 
161     1.1452       3527        765        225        173      0.184      0.435      0.789      0.628      0.715 
162     1.1433       3527        765        225        173      0.184      0.435      0.789      0.628      0.715 
163     1.1388       3528        764        224        174      0.186      0.437      0.789      0.630      0.715 
164     1.1402       3530        762        222        176      0.188      0.442      0.790      0.632      0.715 
165     1.1488       3529        763        223        175      0.187      0.440      0.790      0.631      0.715 
166     1.1441       3529        763        223        175      0.187      0.440      0.790      0.631      0.715 
167     1.1476       3529        763        223        175      0.187      0.440      0.790      0.631      0.715 
168     1.1474       3530        762        222        176      0.188      0.442      0.790      0.632      0.715 
169     1.1526       3530        762        222        176      0.188      0.442      0.790      0.632      0.715 
170     1.1341       3529        763        223        175      0.187      0.440      0.790      0.631      0.715 
171     1.1382       3528        764        224        174      0.186      0.437      0.789      0.630      0.715 
172     1.1375       3531        761        221        177      0.189      0.445      0.791      0.634      0.715 
173      1.145       3532        760        220        178      0.190      0.447      0.791      0.635      0.716 
174     1.1344       3532        760        220        178      0.190      0.447      0.791      0.635      0.716 
175     1.1364       3530        762        222        176      0.188      0.442      0.790      0.632      0.716 
176     1.1355       3530        762        222        176      0.188      0.442      0.790      0.632      0.716 
177     1.1399       3528        764        224        174      0.186      0.437      0.789      0.630      0.715 
178     1.1365       3529        763        223        175      0.187      0.440      0.790      0.631      0.715 
179     1.1423       3529        763        223        175      0.187      0.440      0.790      0.631      0.715 
180     1.1401       3529        763        223        175      0.187      0.440      0.790      0.631      0.716 
181     1.1455       3530        762        222        176      0.188      0.442      0.790      0.632      0.716 
182     1.1423       3530        762        222        176      0.188      0.442      0.790      0.632      0.716 
183     1.1422       3530        762        222        176      0.188      0.442      0.790      0.632      0.716 
184     1.1397       3530        762        222        176      0.188      0.442      0.790      0.632      0.716 
185     1.1423       3530        762        222        176      0.188      0.442      0.790      0.632      0.716 
186      1.145       3531        761        221        177      0.189      0.445      0.791      0.634      0.716 
187      1.133       3530        762        222        176      0.188      0.442      0.790      0.632      0.716 
188     1.1356       3528        764        224        174      0.186      0.437      0.789      0.630      0.716 
189     1.1463       3529        763        223        175      0.187      0.440      0.790      0.631      0.716 
190     1.1367       3529        763        223        175      0.187      0.440      0.790      0.631      0.716 
191     1.1438       3529        763        223        175      0.187      0.440      0.790      0.631      0.716 
192     1.1424       3529        763        223        175      0.187      0.440      0.790      0.631      0.716 
193     1.1322       3530        762        222        176      0.188      0.442      0.790      0.632      0.716 
194     1.1398       3528        764        224        174      0.186      0.437      0.789      0.630      0.716 
195     1.1384       3529        763        223        175      0.187      0.440      0.790      0.631      0.716 
196     1.1393       3530        762        222        176      0.188      0.442      0.790      0.632      0.716 
197     1.1374       3531        761        221        177      0.189      0.445      0.791      0.634      0.717 
198     1.1365       3531        761        221        177      0.189      0.445      0.791      0.634      0.717 
199     1.1414       3530        762        222        176      0.188      0.442      0.790      0.632      0.717 
200     1.1353       3531        761        221        177      0.189      0.445      0.791      0.634      0.717 
201     1.1407       3531        761        221        177      0.189      0.445      0.791      0.634      0.717 
202     1.1373       3529        763        223        175      0.187      0.440      0.790      0.631      0.717 
203     1.1366       3529        763        223        175      0.187      0.440      0.790      0.631      0.717 
204     1.1321       3530        762        222        176      0.188      0.442      0.790      0.632      0.717 
205     1.1353       3531        761        221        177      0.189      0.445      0.791      0.634      0.718 
206     1.1349       3531        761        221        177      0.189      0.445      0.791      0.634      0.718 
207     1.1382       3531        761        221        177      0.189      0.445      0.791      0.634      0.718 
208     1.1354       3530        762        222        176      0.188      0.442      0.790      0.632      0.718 
209     1.1434       3529        763        223        175      0.187      0.440      0.790      0.631      0.718 
210     1.1384       3529        763        223        175      0.187      0.440      0.790      0.631      0.718 
211     1.1342       3530        762        222        176      0.188      0.442      0.790      0.632      0.717 
212      1.143       3529        763        223        175      0.187      0.440      0.790      0.631      0.718 
213     1.1419       3528        764        223        175      0.186      0.440      0.790      0.631      0.718 
214     1.1408       3530        762        222        176      0.188      0.442      0.790      0.632      0.718 
215     1.1341       3530        762        222        176      0.188      0.442      0.790      0.632      0.718 
216     1.1345       3530        762        222        176      0.188      0.442      0.790      0.632      0.718 
217     1.1345       3529        763        223        175      0.187      0.440      0.790      0.631      0.718 
218     1.1429       3530        762        222        176      0.188      0.442      0.790      0.632      0.718 
219     1.1338       3529        763        223        175      0.187      0.440      0.790      0.631      0.717 
220     1.1344       3530        762        222        176      0.188      0.442      0.790      0.632      0.718 
221       1.13       3530        762        222        176      0.188      0.442      0.790      0.632      0.718 
222     1.1375       3530        762        222        176      0.188      0.442      0.790      0.632      0.718 
223     1.1398       3530        762        222        176      0.188      0.442      0.790      0.632      0.718 
224     1.1418       3530        762        222        176      0.188      0.442      0.790      0.632      0.718 
225     1.1444       3530        762        222        176      0.188      0.442      0.790      0.632      0.718 
226     1.1277       3530        762        222        176      0.188      0.442      0.790      0.632      0.718 
227     1.1354       3530        762        222        176      0.188      0.442      0.790      0.632      0.718 
228     1.1328       3529        763        223        175      0.187      0.440      0.790      0.631      0.718 
229     1.1363       3531        761        221        177      0.189      0.445      0.791      0.634      0.718 
230     1.1399       3531        761        221        177      0.189      0.445      0.791      0.634      0.718 
231     1.1329       3531        761        221        177      0.189      0.445      0.791      0.634      0.718 
232     1.1352       3531        761        221        177      0.189      0.445      0.791      0.634      0.718 
233     1.1413       3531        761        221        177      0.189      0.445      0.791      0.634      0.718 
234     1.1328       3530        762        222        176      0.188      0.442      0.790      0.632      0.718 
235     1.1386       3529        763        223        175      0.187      0.440      0.790      0.631      0.719 
236     1.1391       3530        762        222        176      0.188      0.442      0.790      0.632      0.719 
237     1.1386       3528        764        224        174      0.186      0.437      0.789      0.630      0.719 
238     1.1363       3528        764        224        174      0.186      0.437      0.789      0.630      0.719 
239     1.1291       3529        763        223        175      0.187      0.440      0.790      0.631      0.718 
240     1.1338       3529        763        223        175      0.187      0.440      0.790      0.631      0.718 
241     1.1324       3529        763        223        175      0.187      0.440      0.790      0.631      0.718 
242     1.1342       3529        763        223        175      0.187      0.440      0.790      0.631      0.718 
243     1.1335       3529        763        223        175      0.187      0.440      0.790      0.631      0.718 
244     1.1379       3530        762        222        176      0.188      0.442      0.790      0.632      0.719 
245     1.1372       3530        762        222        176      0.188      0.442      0.790      0.632      0.719 
246      1.135       3529        763        223        175      0.187      0.440      0.790      0.631      0.719 
247     1.1285       3530        762        222        176      0.188      0.442      0.790      0.632      0.719 
248     1.1389       3529        763        223        175      0.187      0.440      0.790      0.631      0.719 
249     1.1329       3532        760        220        178      0.190      0.447      0.791      0.635      0.719 
250     1.1371       3530        762        222        176      0.188      0.442      0.790      0.632      0.719 
251     1.1352       3530        762        222        176      0.188      0.442      0.790      0.632      0.719 
252     1.1368       3531        761        221        177      0.189      0.445      0.791      0.634      0.719 
253     1.1436       3532        760        220        178      0.190      0.447      0.791      0.635      0.719 
254      1.135       3530        762        222        176      0.188      0.442      0.790      0.632      0.719 
255     1.1355       3529        763        223        175      0.187      0.440      0.790      0.631      0.719 
256     1.1278       3529        763        223        175      0.187      0.440      0.790      0.631      0.719 
257     1.1344       3530        762        222        176      0.188      0.442      0.790      0.632      0.719 
258     1.1336       3532        760        220        178      0.190      0.447      0.791      0.635      0.719 
259     1.1312       3529        763        223        175      0.187      0.440      0.790      0.631      0.719 
260     1.1301       3530        762        222        176      0.188      0.442      0.790      0.632      0.719 
261     1.1319       3531        761        221        177      0.189      0.445      0.791      0.634      0.719 
262     1.1347       3531        761        221        177      0.189      0.445      0.791      0.634      0.719 
263     1.1398       3531        761        221        177      0.189      0.445      0.791      0.634      0.719 
264     1.1409       3531        761        221        177      0.189      0.445      0.791      0.634      0.719 
265      1.141       3530        762        222        176      0.188      0.442      0.790      0.632      0.719 
266     1.1389       3527        765        225        173      0.184      0.435      0.789      0.628      0.719 
267     1.1318       3528        764        224        174      0.186      0.437      0.789      0.630      0.719 
268     1.1409       3529        763        223        175      0.187      0.440      0.790      0.631      0.719 
269     1.1449       3529        763        223        175      0.187      0.440      0.790      0.631      0.719 
270       1.14       3529        763        223        175      0.187      0.440      0.790      0.631      0.719 
271     1.1363       3530        762        222        176      0.188      0.442      0.790      0.632      0.719 
272      1.141       3531        761        221        177      0.189      0.445      0.791      0.634      0.719 
273     1.1366       3528        764        224        174      0.186      0.437      0.789      0.630      0.719 
274     1.1338       3530        762        222        176      0.188      0.442      0.790      0.632      0.719 
275      1.139       3529        763        223        175      0.187      0.440      0.790      0.631      0.719 
276     1.1378       3529        763        223        175      0.187      0.440      0.790      0.631      0.719 
277     1.1299       3530        762        222        176      0.188      0.442      0.790      0.632      0.719 
278     1.1423       3530        762        222        176      0.188      0.442      0.790      0.632      0.719 
279     1.1331       3531        761        221        177      0.189      0.445      0.791      0.634      0.719 
280     1.1327       3530        762        222        176      0.188      0.442      0.790      0.632      0.719 
281     1.1361       3531        761        221        177      0.189      0.445      0.791      0.634      0.719 
282     1.1386       3532        760        220        178      0.190      0.447      0.791      0.635      0.720 
283     1.1316       3534        758        218        180      0.192      0.452      0.792      0.638      0.720 
284      1.139       3533        759        219        179      0.191      0.450      0.791      0.636      0.720 
285     1.1329       3531        761        221        177      0.189      0.445      0.791      0.634      0.720 
286     1.1342       3531        761        221        177      0.189      0.445      0.791      0.634      0.720 
287     1.1353       3531        761        221        177      0.189      0.445      0.791      0.634      0.719 
288     1.1346       3531        761        221        177      0.189      0.445      0.791      0.634      0.719 
289     1.1308       3531        761        221        177      0.189      0.445      0.791      0.634      0.719 
290     1.1334       3531        761        221        177      0.189      0.445      0.791      0.634      0.719 
291     1.1312       3532        760        220        178      0.190      0.447      0.791      0.635      0.719 
292     1.1319       3532        760        220        178      0.190      0.447      0.791      0.635      0.719 
293     1.1368       3532        760        220        178      0.190      0.447      0.791      0.635      0.719 
294     1.1346       3532        760        220        178      0.190      0.447      0.791      0.635      0.719 
295     1.1392       3532        760        220        178      0.190      0.447      0.791      0.635      0.719 
296     1.1309       3533        759        219        179      0.191      0.450      0.791      0.636      0.719 
297     1.1295       3533        759        219        179      0.191      0.450      0.791      0.636      0.719 
298     1.1308       3533        759        219        179      0.191      0.450      0.791      0.636      0.719 
299     1.1328       3533        759        219        179      0.191      0.450      0.791      0.636      0.719 
300     1.1347       3533        759        219        179      0.191      0.450      0.791      0.636      0.719 
