# Number of nodes=5863; Number of edges=33322; Number of node features=5; Model: phgcn.
epoch       loss         tn         fp         fn         tp       prec        rec        acc       bacc        auc 
1     1.2597       4396        969        294        204      0.174      0.410      0.785      0.615      0.675 
2     1.2354       4396        969        294        204      0.174      0.410      0.785      0.615      0.679 
3     1.2179       4396        969        294        204      0.174      0.410      0.785      0.615      0.683 
4     1.2084       4399        966        291        207      0.176      0.416      0.786      0.618      0.690 
5     1.1922       4398        967        292        206      0.176      0.414      0.785      0.617      0.691 
6     1.1815       4399        966        291        207      0.176      0.416      0.786      0.618      0.693 
7     1.1661       4405        960        285        213      0.182      0.428      0.788      0.624      0.700 
8     1.1546       4417        948        273        225      0.192      0.452      0.792      0.638      0.707 
9     1.1486       4426        939        264        234      0.199      0.470      0.795      0.647      0.710 
10     1.1462       4429        936        261        237      0.202      0.476      0.796      0.651      0.716 
11       1.14       4425        940        265        233      0.199      0.468      0.794      0.646      0.719 
12     1.1364       4427        938        263        235      0.200      0.472      0.795      0.649      0.721 
13     1.1445       4429        936        261        237      0.202      0.476      0.796      0.651      0.723 
14     1.1206       4428        937        262        236      0.201      0.474      0.795      0.650      0.724 
15     1.1292       4429        936        261        237      0.202      0.476      0.796      0.651      0.725 
16     1.1328       4430        935        260        238      0.203      0.478      0.796      0.652      0.725 
17     1.1245       4426        939        264        234      0.199      0.470      0.795      0.647      0.725 
18      1.128       4429        936        261        237      0.202      0.476      0.796      0.651      0.725 
19     1.1138       4423        942        267        231      0.197      0.464      0.794      0.644      0.724 
20     1.1193       4423        942        267        231      0.197      0.464      0.794      0.644      0.724 
21     1.1296       4426        939        264        234      0.199      0.470      0.795      0.647      0.724 
22     1.1247       4428        937        262        236      0.201      0.474      0.795      0.650      0.725 
23     1.1214       4430        935        260        238      0.203      0.478      0.796      0.652      0.725 
24     1.1202       4430        935        260        238      0.203      0.478      0.796      0.652      0.725 
25      1.121       4427        938        263        235      0.200      0.472      0.795      0.649      0.726 
26      1.126       4427        938        263        235      0.200      0.472      0.795      0.649      0.726 
27     1.1094       4430        935        260        238      0.203      0.478      0.796      0.652      0.726 
28     1.1301       4427        938        263        235      0.200      0.472      0.795      0.649      0.727 
29     1.1237       4429        936        261        237      0.202      0.476      0.796      0.651      0.727 
30     1.1206       4429        936        261        237      0.202      0.476      0.796      0.651      0.727 
31     1.1141       4431        934        259        239      0.204      0.480      0.797      0.653      0.727 
32      1.119       4430        935        260        238      0.203      0.478      0.796      0.652      0.727 
33     1.1124       4425        940        264        234      0.199      0.470      0.795      0.647      0.726 
34     1.1216       4427        938        263        235      0.200      0.472      0.795      0.649      0.727 
35     1.1236       4427        938        263        235      0.200      0.472      0.795      0.649      0.727 
36     1.1216       4425        940        265        233      0.199      0.468      0.794      0.646      0.727 
37     1.1122       4426        939        264        234      0.199      0.470      0.795      0.647      0.728 
38     1.1125       4427        938        263        235      0.200      0.472      0.795      0.649      0.728 
39     1.1101       4426        939        264        234      0.199      0.470      0.795      0.647      0.728 
40     1.1206       4427        938        263        235      0.200      0.472      0.795      0.649      0.728 
41     1.1176       4428        937        262        236      0.201      0.474      0.795      0.650      0.729 
42     1.1244       4429        936        261        237      0.202      0.476      0.796      0.651      0.729 
43      1.113       4428        937        262        236      0.201      0.474      0.795      0.650      0.729 
44      1.126       4428        937        262        236      0.201      0.474      0.795      0.650      0.729 
45     1.1156       4428        937        262        236      0.201      0.474      0.795      0.650      0.729 
46     1.1167       4426        939        264        234      0.199      0.470      0.795      0.647      0.729 
47     1.1116       4426        939        264        234      0.199      0.470      0.795      0.647      0.729 
48      1.115       4429        936        261        237      0.202      0.476      0.796      0.651      0.729 
49     1.1226       4430        935        260        238      0.203      0.478      0.796      0.652      0.729 
50     1.1082       4427        938        263        235      0.200      0.472      0.795      0.649      0.729 
51     1.1016       4429        936        261        237      0.202      0.476      0.796      0.651      0.729 
52     1.1031       4430        935        260        238      0.203      0.478      0.796      0.652      0.729 
53     1.1069       4432        933        258        240      0.205      0.482      0.797      0.654      0.730 
54     1.1066       4432        933        258        240      0.205      0.482      0.797      0.654      0.730 
55     1.1091       4428        937        262        236      0.201      0.474      0.795      0.650      0.731 
56     1.1142       4428        937        262        236      0.201      0.474      0.795      0.650      0.731 
57     1.1041       4427        938        263        235      0.200      0.472      0.795      0.649      0.731 
58     1.1116       4426        939        264        234      0.199      0.470      0.795      0.647      0.731 
59     1.1153       4427        938        263        235      0.200      0.472      0.795      0.649      0.731 
60     1.1097       4430        935        260        238      0.203      0.478      0.796      0.652      0.731 
61     1.1056       4434        931        256        242      0.206      0.486      0.798      0.656      0.732 
62     1.1037       4436        929        254        244      0.208      0.490      0.798      0.658      0.731 
63     1.1056       4436        929        254        244      0.208      0.490      0.798      0.658      0.731 
64     1.1111       4434        931        256        242      0.206      0.486      0.798      0.656      0.732 
65     1.1042       4435        930        255        243      0.207      0.488      0.798      0.657      0.732 
66     1.0947       4436        929        254        244      0.208      0.490      0.798      0.658      0.732 
67     1.1106       4436        929        254        244      0.208      0.490      0.798      0.658      0.732 
68     1.1174       4432        933        258        240      0.205      0.482      0.797      0.654      0.732 
69     1.1081       4428        937        262        236      0.201      0.474      0.795      0.650      0.731 
70      1.115       4431        934        259        239      0.204      0.480      0.797      0.653      0.732 
71     1.0943       4435        930        255        243      0.207      0.488      0.798      0.657      0.732 
72     1.1117       4436        929        254        244      0.208      0.490      0.798      0.658      0.732 
73     1.1074       4437        928        253        245      0.209      0.492      0.799      0.659      0.732 
74      1.107       4436        929        254        244      0.208      0.490      0.798      0.658      0.732 
75     1.0996       4438        927        252        246      0.210      0.494      0.799      0.661      0.732 
76     1.1017       4440        925        250        248      0.211      0.498      0.800      0.663      0.732 
77     1.0926       4436        929        254        244      0.208      0.490      0.798      0.658      0.732 
78     1.1114       4434        931        256        242      0.206      0.486      0.798      0.656      0.732 
79     1.0992       4433        932        257        241      0.205      0.484      0.797      0.655      0.732 
80     1.1158       4431        934        259        239      0.204      0.480      0.797      0.653      0.732 
81     1.1018       4435        930        255        243      0.207      0.488      0.798      0.657      0.733 
82     1.1081       4435        930        255        243      0.207      0.488      0.798      0.657      0.733 
83     1.1085       4438        927        252        246      0.210      0.494      0.799      0.661      0.733 
84     1.1012       4439        926        251        247      0.211      0.496      0.799      0.662      0.733 
85     1.1188       4436        929        254        244      0.208      0.490      0.798      0.658      0.733 
86     1.0947       4436        929        254        244      0.208      0.490      0.798      0.658      0.733 
87     1.1136       4436        929        254        244      0.208      0.490      0.798      0.658      0.733 
88     1.1054       4433        932        257        241      0.205      0.484      0.797      0.655      0.733 
89     1.1065       4435        930        255        243      0.207      0.488      0.798      0.657      0.733 
90     1.1075       4437        928        253        245      0.209      0.492      0.799      0.659      0.733 
91     1.1081       4438        927        252        246      0.210      0.494      0.799      0.661      0.733 
92      1.099       4440        925        250        248      0.211      0.498      0.800      0.663      0.733 
93     1.1067       4442        923        248        250      0.213      0.502      0.800      0.665      0.733 
94     1.0986       4441        924        249        249      0.212      0.500      0.800      0.664      0.733 
95     1.1032       4441        924        249        249      0.212      0.500      0.800      0.664      0.734 
96     1.1112       4437        928        253        245      0.209      0.492      0.799      0.659      0.734 
97     1.0949       4435        930        255        243      0.207      0.488      0.798      0.657      0.734 
98     1.1016       4434        931        256        242      0.206      0.486      0.798      0.656      0.734 
99     1.1075       4434        931        256        242      0.206      0.486      0.798      0.656      0.734 
100     1.1132       4438        927        252        246      0.210      0.494      0.799      0.661      0.735 
101     1.1085       4439        926        251        247      0.211      0.496      0.799      0.662      0.735 
102      1.102       4441        924        249        249      0.212      0.500      0.800      0.664      0.735 
103     1.1003       4443        922        247        251      0.214      0.504      0.801      0.666      0.734 
104     1.0996       4439        926        251        247      0.211      0.496      0.799      0.662      0.735 
105     1.1031       4437        928        253        245      0.209      0.492      0.799      0.659      0.735 
106     1.1099       4433        932        257        241      0.205      0.484      0.797      0.655      0.735 
107     1.0977       4431        934        259        239      0.204      0.480      0.797      0.653      0.735 
108     1.1056       4433        932        257        241      0.205      0.484      0.797      0.655      0.735 
109     1.1009       4434        931        256        242      0.206      0.486      0.798      0.656      0.736 
110     1.0983       4437        928        253        245      0.209      0.492      0.799      0.659      0.736 
111     1.0927       4438        927        252        246      0.210      0.494      0.799      0.661      0.736 
112     1.1029       4440        925        250        248      0.211      0.498      0.800      0.663      0.736 
113     1.1005       4438        927        252        246      0.210      0.494      0.799      0.661      0.736 
114     1.1051       4437        928        253        245      0.209      0.492      0.799      0.659      0.736 
115     1.1004       4433        932        257        241      0.205      0.484      0.797      0.655      0.736 
116     1.0988       4433        932        257        241      0.205      0.484      0.797      0.655      0.735 
117     1.1002       4434        931        256        242      0.206      0.486      0.798      0.656      0.735 
118     1.1022       4431        934        259        239      0.204      0.480      0.797      0.653      0.736 
119     1.0995       4437        928        253        245      0.209      0.492      0.799      0.659      0.736 
120     1.1048       4436        929        254        244      0.208      0.490      0.798      0.658      0.736 
121     1.1188       4436        929        254        244      0.208      0.490      0.798      0.658      0.737 
122     1.1101       4436        929        254        244      0.208      0.490      0.798      0.658      0.737 
123     1.0857       4437        928        253        245      0.209      0.492      0.799      0.659      0.737 
124     1.0969       4435        930        255        243      0.207      0.488      0.798      0.657      0.737 
125     1.0927       4436        929        254        244      0.208      0.490      0.798      0.658      0.737 
126     1.1041       4434        931        256        242      0.206      0.486      0.798      0.656      0.737 
127     1.1034       4434        931        256        242      0.206      0.486      0.798      0.656      0.737 
128     1.1016       4435        930        255        243      0.207      0.488      0.798      0.657      0.738 
129     1.0967       4436        929        254        244      0.208      0.490      0.798      0.658      0.738 
130      1.094       4436        929        254        244      0.208      0.490      0.798      0.658      0.738 
131     1.0967       4436        929        254        244      0.208      0.490      0.798      0.658      0.738 
132     1.0975       4439        926        251        247      0.211      0.496      0.799      0.662      0.738 
133     1.1052       4437        928        253        245      0.209      0.492      0.799      0.659      0.738 
134     1.0957       4435        930        255        243      0.207      0.488      0.798      0.657      0.739 
135     1.0949       4435        930        255        243      0.207      0.488      0.798      0.657      0.739 
136     1.1027       4436        929        254        244      0.208      0.490      0.798      0.658      0.739 
137     1.0994       4435        930        255        243      0.207      0.488      0.798      0.657      0.739 
138      1.096       4435        930        255        243      0.207      0.488      0.798      0.657      0.739 
139     1.0954       4440        925        250        248      0.211      0.498      0.800      0.663      0.739 
140     1.1005       4440        925        250        248      0.211      0.498      0.800      0.663      0.739 
141     1.0894       4439        926        251        247      0.211      0.496      0.799      0.662      0.739 
142     1.0938       4436        929        254        244      0.208      0.490      0.798      0.658      0.739 
143     1.0984       4436        929        254        244      0.208      0.490      0.798      0.658      0.739 
144     1.1029       4436        929        254        244      0.208      0.490      0.798      0.658      0.739 
145     1.1051       4437        928        253        245      0.209      0.492      0.799      0.659      0.740 
146     1.1018       4437        928        253        245      0.209      0.492      0.799      0.659      0.740 
147      1.096       4436        929        254        244      0.208      0.490      0.798      0.658      0.740 
148     1.0977       4437        928        253        245      0.209      0.492      0.799      0.659      0.740 
149      1.099       4438        927        252        246      0.210      0.494      0.799      0.661      0.740 
150     1.0889       4435        930        255        243      0.207      0.488      0.798      0.657      0.740 
151     1.0924       4436        929        254        244      0.208      0.490      0.798      0.658      0.740 
152     1.0912       4438        927        252        246      0.210      0.494      0.799      0.661      0.740 
153      1.084       4442        923        248        250      0.213      0.502      0.800      0.665      0.740 
154     1.0913       4445        920        245        253      0.216      0.508      0.801      0.668      0.740 
155     1.0895       4443        922        247        251      0.214      0.504      0.801      0.666      0.740 
156     1.0827       4438        927        252        246      0.210      0.494      0.799      0.661      0.741 
157     1.0964       4438        927        252        246      0.210      0.494      0.799      0.661      0.740 
158     1.0918       4436        929        253        245      0.209      0.492      0.798      0.659      0.739 
159     1.1048       4436        929        254        244      0.208      0.490      0.798      0.658      0.739 
160     1.0888       4435        930        255        243      0.207      0.488      0.798      0.657      0.740 
161     1.0969       4436        929        254        244      0.208      0.490      0.798      0.658      0.740 
162     1.0873       4438        927        252        246      0.210      0.494      0.799      0.661      0.740 
163     1.0934       4440        925        250        248      0.211      0.498      0.800      0.663      0.740 
164     1.0827       4440        925        250        248      0.211      0.498      0.800      0.663      0.740 
165     1.0977       4438        927        252        246      0.210      0.494      0.799      0.661      0.741 
166     1.1044       4439        926        251        247      0.211      0.496      0.799      0.662      0.741 
167     1.0958       4438        927        252        246      0.210      0.494      0.799      0.661      0.741 
168     1.0947       4438        927        252        246      0.210      0.494      0.799      0.661      0.741 
169     1.0948       4438        927        252        246      0.210      0.494      0.799      0.661      0.740 
170     1.0941       4438        927        252        246      0.210      0.494      0.799      0.661      0.741 
171     1.0867       4439        926        251        247      0.211      0.496      0.799      0.662      0.741 
172     1.0863       4442        923        248        250      0.213      0.502      0.800      0.665      0.741 
173     1.1021       4441        924        249        249      0.212      0.500      0.800      0.664      0.741 
174     1.0871       4439        926        251        247      0.211      0.496      0.799      0.662      0.741 
175     1.0903       4438        927        252        246      0.210      0.494      0.799      0.661      0.741 
176     1.0979       4438        927        252        246      0.210      0.494      0.799      0.661      0.740 
177      1.105       4439        926        251        247      0.211      0.496      0.799      0.662      0.740 
178     1.0915       4439        926        251        247      0.211      0.496      0.799      0.662      0.740 
179     1.0984       4437        928        253        245      0.209      0.492      0.799      0.659      0.741 
180     1.0909       4439        926        251        247      0.211      0.496      0.799      0.662      0.741 
181     1.1048       4440        925        250        248      0.211      0.498      0.800      0.663      0.741 
182     1.0959       4441        924        249        249      0.212      0.500      0.800      0.664      0.741 
183     1.0917       4440        925        250        248      0.211      0.498      0.800      0.663      0.741 
184     1.0928       4436        929        254        244      0.208      0.490      0.798      0.658      0.741 
185     1.0968       4436        929        254        244      0.208      0.490      0.798      0.658      0.741 
186     1.0995       4436        929        254        244      0.208      0.490      0.798      0.658      0.741 
187     1.0933       4436        929        254        244      0.208      0.490      0.798      0.658      0.741 
188     1.0971       4437        928        253        245      0.209      0.492      0.799      0.659      0.741 
189     1.0925       4439        926        251        247      0.211      0.496      0.799      0.662      0.742 
190      1.095       4444        921        246        252      0.215      0.506      0.801      0.667      0.742 
191     1.0921       4444        921        246        252      0.215      0.506      0.801      0.667      0.742 
192     1.0896       4444        921        246        252      0.215      0.506      0.801      0.667      0.743 
193     1.0864       4439        926        251        247      0.211      0.496      0.799      0.662      0.743 
194     1.0831       4441        924        249        249      0.212      0.500      0.800      0.664      0.743 
195      1.083       4443        922        247        251      0.214      0.504      0.801      0.666      0.743 
196     1.0844       4443        922        247        251      0.214      0.504      0.801      0.666      0.743 
197     1.0812       4443        922        247        251      0.214      0.504      0.801      0.666      0.743 
198     1.0945       4443        922        247        251      0.214      0.504      0.801      0.666      0.743 
199     1.0968       4443        922        247        251      0.214      0.504      0.801      0.666      0.743 
200      1.087       4439        926        251        247      0.211      0.496      0.799      0.662      0.742 
201     1.0852       4439        926        251        247      0.211      0.496      0.799      0.662      0.742 
202     1.0931       4443        922        247        251      0.214      0.504      0.801      0.666      0.742 
203      1.104       4441        924        249        249      0.212      0.500      0.800      0.664      0.742 
204     1.0897       4442        923        248        250      0.213      0.502      0.800      0.665      0.743 
205     1.0934       4442        923        248        250      0.213      0.502      0.800      0.665      0.743 
206     1.0913       4441        924        249        249      0.212      0.500      0.800      0.664      0.743 
207     1.0883       4441        924        249        249      0.212      0.500      0.800      0.664      0.743 
208     1.0875       4442        923        248        250      0.213      0.502      0.800      0.665      0.743 
209      1.096       4441        924        249        249      0.212      0.500      0.800      0.664      0.742 
210     1.0969       4438        927        252        246      0.210      0.494      0.799      0.661      0.742 
211     1.0925       4436        929        254        244      0.208      0.490      0.798      0.658      0.743 
212     1.0843       4438        927        252        246      0.210      0.494      0.799      0.661      0.743 
213      1.093       4435        930        255        243      0.207      0.488      0.798      0.657      0.742 
214     1.0839       4439        926        251        247      0.211      0.496      0.799      0.662      0.742 
215     1.0977       4442        923        248        250      0.213      0.502      0.800      0.665      0.743 
216     1.0935       4441        924        249        249      0.212      0.500      0.800      0.664      0.743 
217     1.0896       4442        923        248        250      0.213      0.502      0.800      0.665      0.743 
218     1.0822       4444        921        246        252      0.215      0.506      0.801      0.667      0.744 
219     1.0908       4446        919        244        254      0.217      0.510      0.802      0.669      0.744 
220     1.1018       4442        923        248        250      0.213      0.502      0.800      0.665      0.744 
221     1.0967       4439        926        251        247      0.211      0.496      0.799      0.662      0.744 
222     1.0887       4441        924        249        249      0.212      0.500      0.800      0.664      0.744 
223      1.091       4440        925        250        248      0.211      0.498      0.800      0.663      0.744 
224     1.0849       4442        923        248        250      0.213      0.502      0.800      0.665      0.744 
225     1.0867       4445        920        245        253      0.216      0.508      0.801      0.668      0.743 
226     1.0978       4444        921        246        252      0.215      0.506      0.801      0.667      0.743 
227     1.0959       4444        921        246        252      0.215      0.506      0.801      0.667      0.743 
228     1.0722       4441        924        249        249      0.212      0.500      0.800      0.664      0.742 
229     1.0904       4440        925        250        248      0.211      0.498      0.800      0.663      0.742 
230     1.0893       4439        926        251        247      0.211      0.496      0.799      0.662      0.742 
231     1.0929       4441        924        249        249      0.212      0.500      0.800      0.664      0.742 
232     1.0902       4440        925        250        248      0.211      0.498      0.800      0.663      0.743 
233     1.0921       4443        922        247        251      0.214      0.504      0.801      0.666      0.743 
234      1.085       4446        919        244        254      0.217      0.510      0.802      0.669      0.744 
235     1.0964       4445        920        245        253      0.216      0.508      0.801      0.668      0.744 
236     1.0869       4444        921        246        252      0.215      0.506      0.801      0.667      0.744 
237     1.0861       4443        922        247        251      0.214      0.504      0.801      0.666      0.744 
238     1.0857       4441        924        249        249      0.212      0.500      0.800      0.664      0.744 
239     1.0851       4441        924        249        249      0.212      0.500      0.800      0.664      0.744 
240     1.0795       4442        923        248        250      0.213      0.502      0.800      0.665      0.744 
241     1.0737       4441        924        249        249      0.212      0.500      0.800      0.664      0.744 
242      1.096       4441        924        249        249      0.212      0.500      0.800      0.664      0.744 
243     1.0935       4442        923        248        250      0.213      0.502      0.800      0.665      0.744 
244     1.0907       4442        923        248        250      0.213      0.502      0.800      0.665      0.744 
245     1.0923       4442        923        248        250      0.213      0.502      0.800      0.665      0.744 
246     1.0966       4442        923        248        250      0.213      0.502      0.800      0.665      0.744 
247      1.088       4441        924        249        249      0.212      0.500      0.800      0.664      0.745 
248     1.0955       4441        924        249        249      0.212      0.500      0.800      0.664      0.745 
249     1.0921       4442        923        248        250      0.213      0.502      0.800      0.665      0.745 
250     1.0861       4442        923        248        250      0.213      0.502      0.800      0.665      0.745 
251     1.0831       4444        921        246        252      0.215      0.506      0.801      0.667      0.745 
252     1.0904       4443        922        247        251      0.214      0.504      0.801      0.666      0.745 
253      1.087       4443        922        247        251      0.214      0.504      0.801      0.666      0.745 
254     1.0894       4443        922        247        251      0.214      0.504      0.801      0.666      0.745 
255      1.085       4444        921        246        252      0.215      0.506      0.801      0.667      0.746 
256     1.0848       4443        922        247        251      0.214      0.504      0.801      0.666      0.746 
257     1.0882       4443        922        247        251      0.214      0.504      0.801      0.666      0.746 
258     1.0921       4441        924        249        249      0.212      0.500      0.800      0.664      0.746 
259      1.093       4441        924        249        249      0.212      0.500      0.800      0.664      0.746 
260     1.0816       4440        925        250        248      0.211      0.498      0.800      0.663      0.746 
261     1.0909       4445        920        245        253      0.216      0.508      0.801      0.668      0.746 
262     1.0889       4443        922        247        251      0.214      0.504      0.801      0.666      0.746 
263     1.0929       4444        921        246        252      0.215      0.506      0.801      0.667      0.746 
264     1.0833       4443        922        247        251      0.214      0.504      0.801      0.666      0.746 
265     1.0837       4440        925        250        248      0.211      0.498      0.800      0.663      0.746 
266     1.0916       4438        927        252        246      0.210      0.494      0.799      0.661      0.746 
267     1.0821       4437        928        253        245      0.209      0.492      0.799      0.659      0.745 
268     1.0896       4439        926        251        247      0.211      0.496      0.799      0.662      0.746 
269      1.078       4443        922        247        251      0.214      0.504      0.801      0.666      0.746 
270     1.0929       4444        921        246        252      0.215      0.506      0.801      0.667      0.746 
271     1.0913       4443        922        247        251      0.214      0.504      0.801      0.666      0.746 
272     1.0809       4440        925        250        248      0.211      0.498      0.800      0.663      0.745 
273      1.079       4441        924        249        249      0.212      0.500      0.800      0.664      0.745 
274     1.0972       4441        924        249        249      0.212      0.500      0.800      0.664      0.745 
275      1.081       4441        924        249        249      0.212      0.500      0.800      0.664      0.746 
276     1.0767       4443        922        247        251      0.214      0.504      0.801      0.666      0.746 
277     1.0818       4445        920        245        253      0.216      0.508      0.801      0.668      0.746 
278     1.0773       4444        921        246        252      0.215      0.506      0.801      0.667      0.746 
279     1.0852       4443        922        247        251      0.214      0.504      0.801      0.666      0.746 
280     1.0928       4444        921        246        252      0.215      0.506      0.801      0.667      0.746 
281     1.0827       4441        924        249        249      0.212      0.500      0.800      0.664      0.747 
282     1.0852       4441        924        249        249      0.212      0.500      0.800      0.664      0.747 
283     1.0896       4440        925        250        248      0.211      0.498      0.800      0.663      0.747 
284     1.0835       4441        924        249        249      0.212      0.500      0.800      0.664      0.747 
285     1.0807       4443        922        247        251      0.214      0.504      0.801      0.666      0.747 
286     1.0822       4444        921        246        252      0.215      0.506      0.801      0.667      0.746 
287      1.079       4444        921        246        252      0.215      0.506      0.801      0.667      0.746 
288     1.0789       4443        922        247        251      0.214      0.504      0.801      0.666      0.746 
289     1.0901       4443        922        247        251      0.214      0.504      0.801      0.666      0.746 
290     1.0966       4442        923        248        250      0.213      0.502      0.800      0.665      0.746 
291     1.0757       4441        924        249        249      0.212      0.500      0.800      0.664      0.746 
292     1.0888       4443        922        247        251      0.214      0.504      0.801      0.666      0.746 
293     1.0815       4443        922        247        251      0.214      0.504      0.801      0.666      0.747 
294     1.0888       4445        920        245        253      0.216      0.508      0.801      0.668      0.747 
295     1.0907       4444        921        246        252      0.215      0.506      0.801      0.667      0.747 
296     1.0947       4444        921        246        252      0.215      0.506      0.801      0.667      0.747 
297     1.0864       4443        922        247        251      0.214      0.504      0.801      0.666      0.747 
298     1.0871       4442        923        248        250      0.213      0.502      0.800      0.665      0.747 
299     1.0835       4442        923        248        250      0.213      0.502      0.800      0.665      0.747 
300     1.0795       4441        924        249        249      0.212      0.500      0.800      0.664      0.746 
