# Number of nodes=5863; Number of edges=33322; Number of node features=5; Model: sage.
epoch       loss         tn         fp         fn         tp       prec        rec        acc       bacc        auc 
1     1.4429       4334       1031        356        142      0.121      0.285      0.763      0.546      0.552 
2     1.3365       4321       1044        369        129      0.110      0.259      0.759      0.532      0.524 
3     1.3279       4318       1047        372        126      0.107      0.253      0.758      0.529      0.512 
4     1.2883       4315       1050        375        123      0.105      0.247      0.757      0.526      0.516 
5     1.3297       4316       1049        374        124      0.106      0.249      0.757      0.527      0.528 
6     1.3164       4319       1046        371        127      0.108      0.255      0.758      0.530      0.547 
7     1.2943       4331       1034        359        139      0.118      0.279      0.762      0.543      0.567 
8     1.2847       4339       1026        351        147      0.125      0.295      0.765      0.552      0.586 
9     1.2736       4348       1017        342        156      0.133      0.313      0.768      0.562      0.605 
10     1.2556       4356       1009        334        164      0.140      0.329      0.771      0.571      0.621 
11     1.2636       4365       1000        325        173      0.147      0.347      0.774      0.580      0.634 
12     1.2449       4376        989        314        184      0.157      0.369      0.778      0.593      0.644 
13      1.246       4376        989        314        184      0.157      0.369      0.778      0.593      0.653 
14     1.2471       4375        990        315        183      0.156      0.367      0.777      0.591      0.660 
15     1.2329       4371        994        319        179      0.153      0.359      0.776      0.587      0.665 
16     1.2313       4375        990        315        183      0.156      0.367      0.777      0.591      0.669 
17     1.2176       4375        990        315        183      0.156      0.367      0.777      0.591      0.671 
18     1.2164       4376        989        314        184      0.157      0.369      0.778      0.593      0.672 
19     1.2167       4379        986        311        187      0.159      0.376      0.779      0.596      0.673 
20     1.2211       4379        986        311        187      0.159      0.376      0.779      0.596      0.676 
21     1.2176       4385        980        305        193      0.165      0.388      0.781      0.602      0.680 
22     1.2048       4390        975        300        198      0.169      0.398      0.783      0.608      0.685 
23     1.2169       4392        973        298        200      0.171      0.402      0.783      0.610      0.690 
24     1.2085       4394        971        296        202      0.172      0.406      0.784      0.612      0.694 
25      1.199       4401        964        289        209      0.178      0.420      0.786      0.620      0.697 
26     1.1916       4405        960        285        213      0.182      0.428      0.788      0.624      0.698 
27     1.1989       4404        961        286        212      0.181      0.426      0.787      0.623      0.699 
28     1.2025       4403        962        287        211      0.180      0.424      0.787      0.622      0.698 
29     1.2096       4405        960        285        213      0.182      0.428      0.788      0.624      0.698 
30     1.1967       4405        960        285        213      0.182      0.428      0.788      0.624      0.699 
31     1.1954       4407        958        283        215      0.183      0.432      0.788      0.627      0.700 
32     1.1943       4407        958        283        215      0.183      0.432      0.788      0.627      0.701 
33     1.1833       4409        956        281        217      0.185      0.436      0.789      0.629      0.702 
34     1.1916       4408        957        282        216      0.184      0.434      0.789      0.628      0.704 
35     1.1913       4408        957        282        216      0.184      0.434      0.789      0.628      0.706 
36     1.1857       4409        956        281        217      0.185      0.436      0.789      0.629      0.709 
37     1.1822       4412        953        278        220      0.188      0.442      0.790      0.632      0.711 
38     1.1774       4415        950        275        223      0.190      0.448      0.791      0.635      0.713 
39     1.1792       4415        950        275        223      0.190      0.448      0.791      0.635      0.714 
40     1.1706       4418        947        272        226      0.193      0.454      0.792      0.639      0.715 
41     1.1875       4419        946        271        227      0.194      0.456      0.792      0.640      0.716 
42     1.1853       4419        946        271        227      0.194      0.456      0.792      0.640      0.716 
43     1.1821       4418        947        272        226      0.193      0.454      0.792      0.639      0.717 
44     1.1761       4418        947        272        226      0.193      0.454      0.792      0.639      0.717 
45     1.1889       4420        945        270        228      0.194      0.458      0.793      0.641      0.718 
46     1.1741       4421        944        269        229      0.195      0.460      0.793      0.642      0.720 
47     1.1732       4422        943        268        230      0.196      0.462      0.793      0.643      0.721 
48     1.1782       4425        940        265        233      0.199      0.468      0.794      0.646      0.723 
49     1.1712       4425        940        265        233      0.199      0.468      0.794      0.646      0.724 
50     1.1659       4427        938        263        235      0.200      0.472      0.795      0.649      0.725 
51     1.1701       4427        938        263        235      0.200      0.472      0.795      0.649      0.726 
52     1.1617       4429        936        261        237      0.202      0.476      0.796      0.651      0.727 
53     1.1705       4430        935        260        238      0.203      0.478      0.796      0.652      0.727 
54     1.1725       4432        933        258        240      0.205      0.482      0.797      0.654      0.728 
55     1.1638       4432        933        258        240      0.205      0.482      0.797      0.654      0.728 
56      1.174       4431        934        259        239      0.204      0.480      0.797      0.653      0.728 
57     1.1766       4430        935        260        238      0.203      0.478      0.796      0.652      0.729 
58     1.1724       4431        934        259        239      0.204      0.480      0.797      0.653      0.729 
59     1.1674       4432        933        258        240      0.205      0.482      0.797      0.654      0.730 
60      1.166       4434        931        256        242      0.206      0.486      0.798      0.656      0.730 
61     1.1633       4435        930        255        243      0.207      0.488      0.798      0.657      0.730 
62     1.1547       4436        929        254        244      0.208      0.490      0.798      0.658      0.731 
63     1.1466       4438        927        252        246      0.210      0.494      0.799      0.661      0.731 
64      1.157       4438        927        252        246      0.210      0.494      0.799      0.661      0.732 
65     1.1594       4435        930        255        243      0.207      0.488      0.798      0.657      0.732 
66     1.1651       4432        933        258        240      0.205      0.482      0.797      0.654      0.732 
67     1.1605       4432        933        258        240      0.205      0.482      0.797      0.654      0.732 
68      1.152       4432        933        258        240      0.205      0.482      0.797      0.654      0.733 
69     1.1647       4432        933        258        240      0.205      0.482      0.797      0.654      0.733 
70     1.1607       4433        932        257        241      0.205      0.484      0.797      0.655      0.734 
71     1.1664       4434        931        256        242      0.206      0.486      0.798      0.656      0.735 
72     1.1506       4434        931        256        242      0.206      0.486      0.798      0.656      0.736 
73       1.16       4436        929        254        244      0.208      0.490      0.798      0.658      0.737 
74     1.1642       4437        928        253        245      0.209      0.492      0.799      0.659      0.738 
75     1.1564       4437        928        253        245      0.209      0.492      0.799      0.659      0.739 
76     1.1494       4439        926        251        247      0.211      0.496      0.799      0.662      0.739 
77     1.1508       4439        926        251        247      0.211      0.496      0.799      0.662      0.740 
78     1.1359       4440        925        250        248      0.211      0.498      0.800      0.663      0.740 
79      1.141       4439        926        251        247      0.211      0.496      0.799      0.662      0.740 
80     1.1455       4439        926        251        247      0.211      0.496      0.799      0.662      0.741 
81     1.1553       4438        927        252        246      0.210      0.494      0.799      0.661      0.741 
82     1.1536       4440        925        250        248      0.211      0.498      0.800      0.663      0.741 
83     1.1608       4440        925        250        248      0.211      0.498      0.800      0.663      0.741 
84     1.1602       4443        922        247        251      0.214      0.504      0.801      0.666      0.741 
85     1.1544       4441        924        249        249      0.212      0.500      0.800      0.664      0.741 
86     1.1586       4441        924        249        249      0.212      0.500      0.800      0.664      0.741 
87       1.15       4440        925        250        248      0.211      0.498      0.800      0.663      0.741 
88     1.1407       4442        923        248        250      0.213      0.502      0.800      0.665      0.742 
89     1.1438       4444        921        246        252      0.215      0.506      0.801      0.667      0.742 
90     1.1422       4444        921        246        252      0.215      0.506      0.801      0.667      0.742 
91     1.1452       4443        922        247        251      0.214      0.504      0.801      0.666      0.742 
92     1.1401       4444        921        246        252      0.215      0.506      0.801      0.667      0.742 
93     1.1386       4440        925        250        248      0.211      0.498      0.800      0.663      0.742 
94      1.157       4441        924        249        249      0.212      0.500      0.800      0.664      0.742 
95     1.1378       4441        924        249        249      0.212      0.500      0.800      0.664      0.743 
96     1.1524       4440        925        250        248      0.211      0.498      0.800      0.663      0.743 
97     1.1262       4441        924        249        249      0.212      0.500      0.800      0.664      0.744 
98     1.1363       4441        924        249        249      0.212      0.500      0.800      0.664      0.744 
99     1.1374       4440        925        250        248      0.211      0.498      0.800      0.663      0.744 
100     1.1313       4439        926        251        247      0.211      0.496      0.799      0.662      0.744 
101     1.1419       4441        924        249        249      0.212      0.500      0.800      0.664      0.744 
102     1.1446       4440        925        250        248      0.211      0.498      0.800      0.663      0.744 
103     1.1272       4442        923        248        250      0.213      0.502      0.800      0.665      0.745 
104      1.135       4444        921        246        252      0.215      0.506      0.801      0.667      0.745 
105     1.1512       4445        920        245        253      0.216      0.508      0.801      0.668      0.746 
106     1.1367       4446        919        244        254      0.217      0.510      0.802      0.669      0.746 
107     1.1345       4446        919        244        254      0.217      0.510      0.802      0.669      0.746 
108      1.142       4447        918        243        255      0.217      0.512      0.802      0.670      0.746 
109     1.1252       4445        920        245        253      0.216      0.508      0.801      0.668      0.746 
110     1.1327       4447        918        243        255      0.217      0.512      0.802      0.670      0.746 
111      1.138       4449        916        241        257      0.219      0.516      0.803      0.673      0.746 
112     1.1474       4447        918        243        255      0.217      0.512      0.802      0.670      0.746 
113     1.1396       4447        918        243        255      0.217      0.512      0.802      0.670      0.746 
114     1.1388       4447        918        243        255      0.217      0.512      0.802      0.670      0.746 
115     1.1439       4447        918        243        255      0.217      0.512      0.802      0.670      0.746 
116     1.1268       4447        918        243        255      0.217      0.512      0.802      0.670      0.747 
117     1.1605       4447        918        243        255      0.217      0.512      0.802      0.670      0.747 
118     1.1419       4447        918        243        255      0.217      0.512      0.802      0.670      0.748 
119     1.1501       4447        918        243        255      0.217      0.512      0.802      0.670      0.748 
120     1.1248       4448        917        242        256      0.218      0.514      0.802      0.672      0.749 
121     1.1572       4450        915        240        258      0.220      0.518      0.803      0.674      0.749 
122     1.1463       4450        915        240        258      0.220      0.518      0.803      0.674      0.749 
123     1.1353       4451        914        239        259      0.221      0.520      0.803      0.675      0.749 
124     1.1281       4453        912        237        261      0.223      0.524      0.804      0.677      0.749 
125     1.1444       4452        913        238        260      0.222      0.522      0.804      0.676      0.749 
126     1.1379       4452        913        238        260      0.222      0.522      0.804      0.676      0.750 
127     1.1389       4453        912        237        261      0.223      0.524      0.804      0.677      0.750 
128     1.1384       4454        911        236        262      0.223      0.526      0.804      0.678      0.750 
129     1.1196       4454        911        236        262      0.223      0.526      0.804      0.678      0.750 
130     1.1407       4454        911        236        262      0.223      0.526      0.804      0.678      0.750 
131     1.1499       4454        911        236        262      0.223      0.526      0.804      0.678      0.750 
132     1.1396       4455        910        235        263      0.224      0.528      0.805      0.679      0.750 
133     1.1529       4456        909        234        264      0.225      0.530      0.805      0.680      0.750 
134     1.1195       4455        910        235        263      0.224      0.528      0.805      0.679      0.750 
135     1.1305       4453        912        237        261      0.223      0.524      0.804      0.677      0.750 
136     1.1355       4453        912        237        261      0.223      0.524      0.804      0.677      0.751 
137       1.13       4454        911        236        262      0.223      0.526      0.804      0.678      0.751 
138      1.141       4455        910        235        263      0.224      0.528      0.805      0.679      0.751 
139      1.121       4457        908        233        265      0.226      0.532      0.805      0.681      0.751 
140     1.1268       4456        909        234        264      0.225      0.530      0.805      0.680      0.752 
141     1.1374       4456        909        234        264      0.225      0.530      0.805      0.680      0.752 
142     1.1431       4457        908        233        265      0.226      0.532      0.805      0.681      0.752 
143     1.1198       4454        911        236        262      0.223      0.526      0.804      0.678      0.752 
144     1.1272       4453        912        237        261      0.223      0.524      0.804      0.677      0.752 
145     1.1151       4453        912        237        261      0.223      0.524      0.804      0.677      0.752 
146     1.1138       4455        910        235        263      0.224      0.528      0.805      0.679      0.752 
147     1.1186       4455        910        235        263      0.224      0.528      0.805      0.679      0.752 
148     1.1272       4455        910        235        263      0.224      0.528      0.805      0.679      0.752 
149     1.1373       4457        908        233        265      0.226      0.532      0.805      0.681      0.752 
150     1.1246       4458        907        232        266      0.227      0.534      0.806      0.683      0.752 
151     1.1264       4458        907        232        266      0.227      0.534      0.806      0.683      0.751 
152     1.1391       4460        905        230        268      0.228      0.538      0.806      0.685      0.751 
153      1.121       4459        906        231        267      0.228      0.536      0.806      0.684      0.751 
154     1.1298       4457        908        233        265      0.226      0.532      0.805      0.681      0.751 
155     1.1351       4458        907        232        266      0.227      0.534      0.806      0.683      0.751 
156     1.1257       4458        907        232        266      0.227      0.534      0.806      0.683      0.751 
157     1.1323       4457        908        233        265      0.226      0.532      0.805      0.681      0.751 
158     1.1402       4457        908        233        265      0.226      0.532      0.805      0.681      0.751 
159     1.1241       4458        907        232        266      0.227      0.534      0.806      0.683      0.752 
160     1.1231       4458        907        232        266      0.227      0.534      0.806      0.683      0.752 
161      1.133       4456        909        234        264      0.225      0.530      0.805      0.680      0.752 
162     1.1362       4458        907        232        266      0.227      0.534      0.806      0.683      0.753 
163     1.1281       4462        903        228        270      0.230      0.542      0.807      0.687      0.753 
164     1.0993       4462        903        228        270      0.230      0.542      0.807      0.687      0.753 
165      1.131       4461        904        229        269      0.229      0.540      0.807      0.686      0.754 
166     1.1284       4459        906        231        267      0.228      0.536      0.806      0.684      0.754 
167     1.1304       4456        909        234        264      0.225      0.530      0.805      0.680      0.754 
168     1.1294       4457        908        233        265      0.226      0.532      0.805      0.681      0.754 
169     1.1259       4457        908        233        265      0.226      0.532      0.805      0.681      0.754 
170     1.1209       4460        905        230        268      0.228      0.538      0.806      0.685      0.754 
171     1.1242       4459        906        231        267      0.228      0.536      0.806      0.684      0.754 
172     1.1353       4458        907        232        266      0.227      0.534      0.806      0.683      0.754 
173     1.1263       4457        908        233        265      0.226      0.532      0.805      0.681      0.754 
174     1.1329       4457        908        233        265      0.226      0.532      0.805      0.681      0.754 
175     1.1305       4457        908        233        265      0.226      0.532      0.805      0.681      0.754 
176      1.138       4456        909        234        264      0.225      0.530      0.805      0.680      0.754 
177     1.1134       4454        911        236        262      0.223      0.526      0.804      0.678      0.753 
178     1.1221       4453        912        237        261      0.223      0.524      0.804      0.677      0.753 
179     1.1356       4456        909        234        264      0.225      0.530      0.805      0.680      0.754 
180     1.1345       4458        907        232        266      0.227      0.534      0.806      0.683      0.754 
181     1.1405       4457        908        233        265      0.226      0.532      0.805      0.681      0.754 
182     1.1344       4457        908        233        265      0.226      0.532      0.805      0.681      0.754 
183     1.1176       4457        908        233        265      0.226      0.532      0.805      0.681      0.754 
184     1.1297       4458        907        232        266      0.227      0.534      0.806      0.683      0.755 
185     1.1137       4458        907        232        266      0.227      0.534      0.806      0.683      0.755 
186     1.1243       4459        906        231        267      0.228      0.536      0.806      0.684      0.755 
187     1.1339       4459        906        231        267      0.228      0.536      0.806      0.684      0.755 
188     1.1118       4460        905        230        268      0.228      0.538      0.806      0.685      0.755 
189     1.1256       4459        906        231        267      0.228      0.536      0.806      0.684      0.755 
190     1.1117       4460        905        230        268      0.228      0.538      0.806      0.685      0.755 
191     1.1168       4460        905        230        268      0.228      0.538      0.806      0.685      0.755 
192     1.1242       4460        905        230        268      0.228      0.538      0.806      0.685      0.755 
193     1.1316       4456        909        234        264      0.225      0.530      0.805      0.680      0.754 
194     1.1198       4458        907        232        266      0.227      0.534      0.806      0.683      0.754 
195     1.1196       4458        907        232        266      0.227      0.534      0.806      0.683      0.754 
196     1.1169       4457        908        233        265      0.226      0.532      0.805      0.681      0.754 
197     1.1331       4456        909        234        264      0.225      0.530      0.805      0.680      0.754 
198     1.1328       4456        909        234        264      0.225      0.530      0.805      0.680      0.754 
199      1.133       4458        907        232        266      0.227      0.534      0.806      0.683      0.755 
200     1.1198       4460        905        230        268      0.228      0.538      0.806      0.685      0.755 
201     1.1446       4459        906        231        267      0.228      0.536      0.806      0.684      0.755 
202     1.1197       4457        908        233        265      0.226      0.532      0.805      0.681      0.755 
203     1.1379       4458        907        232        266      0.227      0.534      0.806      0.683      0.755 
204     1.1284       4460        905        230        268      0.228      0.538      0.806      0.685      0.755 
205      1.132       4459        906        231        267      0.228      0.536      0.806      0.684      0.756 
206     1.1115       4460        905        230        268      0.228      0.538      0.806      0.685      0.756 
207     1.1076       4459        906        231        267      0.228      0.536      0.806      0.684      0.756 
208     1.1051       4461        904        229        269      0.229      0.540      0.807      0.686      0.756 
209     1.1321       4461        904        229        269      0.229      0.540      0.807      0.686      0.756 
210     1.1175       4462        903        228        270      0.230      0.542      0.807      0.687      0.756 
211     1.1339       4460        905        230        268      0.228      0.538      0.806      0.685      0.756 
212     1.1144       4459        906        231        267      0.228      0.536      0.806      0.684      0.755 
213     1.1449       4461        904        229        269      0.229      0.540      0.807      0.686      0.755 
214     1.1214       4463        902        227        271      0.231      0.544      0.807      0.688      0.755 
215     1.1259       4462        903        228        270      0.230      0.542      0.807      0.687      0.755 
216     1.1295       4463        902        227        271      0.231      0.544      0.807      0.688      0.755 
217     1.1266       4462        903        228        270      0.230      0.542      0.807      0.687      0.755 
218     1.1216       4462        903        228        270      0.230      0.542      0.807      0.687      0.755 
219     1.1186       4462        903        228        270      0.230      0.542      0.807      0.687      0.755 
220     1.1346       4462        903        228        270      0.230      0.542      0.807      0.687      0.755 
221     1.1264       4462        903        228        270      0.230      0.542      0.807      0.687      0.755 
222     1.1371       4463        902        227        271      0.231      0.544      0.807      0.688      0.756 
223     1.1113       4463        902        227        271      0.231      0.544      0.807      0.688      0.756 
224     1.1155       4464        901        226        272      0.232      0.546      0.808      0.689      0.757 
225     1.1183       4465        900        225        273      0.233      0.548      0.808      0.690      0.757 
226      1.121       4463        902        227        271      0.231      0.544      0.807      0.688      0.757 
227     1.1346       4462        903        228        270      0.230      0.542      0.807      0.687      0.757 
228     1.1223       4461        904        229        269      0.229      0.540      0.807      0.686      0.757 
229     1.1261       4461        904        229        269      0.229      0.540      0.807      0.686      0.757 
230     1.1115       4460        905        230        268      0.228      0.538      0.806      0.685      0.757 
231     1.1206       4459        906        231        267      0.228      0.536      0.806      0.684      0.758 
232     1.1311       4461        904        229        269      0.229      0.540      0.807      0.686      0.758 
233     1.1255       4461        904        229        269      0.229      0.540      0.807      0.686      0.758 
234     1.1142       4461        904        229        269      0.229      0.540      0.807      0.686      0.758 
235     1.1278       4461        904        229        269      0.229      0.540      0.807      0.686      0.757 
236     1.1218       4460        905        230        268      0.228      0.538      0.806      0.685      0.757 
237     1.1176       4459        906        231        267      0.228      0.536      0.806      0.684      0.756 
238     1.1355       4459        906        231        267      0.228      0.536      0.806      0.684      0.756 
239     1.1108       4460        905        230        268      0.228      0.538      0.806      0.685      0.757 
240     1.1142       4460        905        230        268      0.228      0.538      0.806      0.685      0.757 
241     1.1115       4461        904        229        269      0.229      0.540      0.807      0.686      0.757 
242     1.1308       4462        903        228        270      0.230      0.542      0.807      0.687      0.758 
243      1.126       4463        902        227        271      0.231      0.544      0.807      0.688      0.758 
244     1.1355       4461        904        229        269      0.229      0.540      0.807      0.686      0.758 
245     1.1163       4460        905        230        268      0.228      0.538      0.806      0.685      0.758 
246      1.096       4465        900        225        273      0.233      0.548      0.808      0.690      0.758 
247      1.122       4466        899        224        274      0.234      0.550      0.808      0.691      0.758 
248     1.1435       4467        898        223        275      0.234      0.552      0.809      0.692      0.758 
249     1.1173       4466        899        224        274      0.234      0.550      0.808      0.691      0.758 
250     1.1182       4465        900        225        273      0.233      0.548      0.808      0.690      0.758 
251     1.1302       4466        899        224        274      0.234      0.550      0.808      0.691      0.758 
252     1.1296       4467        898        223        275      0.234      0.552      0.809      0.692      0.758 
253     1.1268       4467        898        223        275      0.234      0.552      0.809      0.692      0.758 
254     1.1261       4468        897        222        276      0.235      0.554      0.809      0.694      0.758 
255     1.1212       4469        896        221        277      0.236      0.556      0.809      0.695      0.759 
256     1.1195       4468        897        222        276      0.235      0.554      0.809      0.694      0.759 
257     1.1181       4466        899        224        274      0.234      0.550      0.808      0.691      0.759 
258     1.1091       4467        898        223        275      0.234      0.552      0.809      0.692      0.759 
259     1.1134       4467        898        223        275      0.234      0.552      0.809      0.692      0.759 
260     1.1179       4468        897        222        276      0.235      0.554      0.809      0.694      0.759 
261     1.1116       4467        898        223        275      0.234      0.552      0.809      0.692      0.759 
262     1.1234       4466        899        224        274      0.234      0.550      0.808      0.691      0.759 
263     1.1133       4465        900        225        273      0.233      0.548      0.808      0.690      0.759 
264     1.1153       4464        901        226        272      0.232      0.546      0.808      0.689      0.758 
265     1.1167       4463        902        227        271      0.231      0.544      0.807      0.688      0.758 
266     1.1258       4463        902        227        271      0.231      0.544      0.807      0.688      0.758 
267     1.1081       4462        903        228        270      0.230      0.542      0.807      0.687      0.758 
268     1.1312       4462        903        228        270      0.230      0.542      0.807      0.687      0.758 
269     1.1153       4462        903        228        270      0.230      0.542      0.807      0.687      0.758 
270     1.1206       4462        903        228        270      0.230      0.542      0.807      0.687      0.759 
271     1.1321       4465        900        225        273      0.233      0.548      0.808      0.690      0.759 
272     1.1222       4468        897        222        276      0.235      0.554      0.809      0.694      0.759 
273      1.124       4467        898        223        275      0.234      0.552      0.809      0.692      0.759 
274     1.1122       4466        899        224        274      0.234      0.550      0.808      0.691      0.759 
275     1.1101       4464        901        226        272      0.232      0.546      0.808      0.689      0.759 
276     1.1076       4463        902        227        271      0.231      0.544      0.807      0.688      0.759 
277     1.1261       4463        902        227        271      0.231      0.544      0.807      0.688      0.759 
278     1.1138       4465        900        225        273      0.233      0.548      0.808      0.690      0.759 
279     1.1083       4465        900        225        273      0.233      0.548      0.808      0.690      0.759 
280     1.0965       4467        898        223        275      0.234      0.552      0.809      0.692      0.759 
281     1.1116       4466        899        224        274      0.234      0.550      0.808      0.691      0.759 
282     1.1285       4463        902        227        271      0.231      0.544      0.807      0.688      0.759 
283     1.1139       4464        901        226        272      0.232      0.546      0.808      0.689      0.759 
284     1.1193       4463        902        227        271      0.231      0.544      0.807      0.688      0.759 
285      1.107       4463        902        227        271      0.231      0.544      0.807      0.688      0.759 
286     1.1261       4463        902        227        271      0.231      0.544      0.807      0.688      0.759 
287     1.1144       4465        900        225        273      0.233      0.548      0.808      0.690      0.759 
288      1.104       4467        898        223        275      0.234      0.552      0.809      0.692      0.760 
289     1.1266       4468        897        222        276      0.235      0.554      0.809      0.694      0.760 
290     1.1314       4468        897        222        276      0.235      0.554      0.809      0.694      0.760 
291     1.1172       4468        897        222        276      0.235      0.554      0.809      0.694      0.760 
292     1.1139       4470        895        220        278      0.237      0.558      0.810      0.696      0.760 
293     1.1075       4470        895        220        278      0.237      0.558      0.810      0.696      0.760 
294     1.1133       4469        896        221        277      0.236      0.556      0.809      0.695      0.760 
295     1.1211       4467        898        223        275      0.234      0.552      0.809      0.692      0.760 
296     1.1245       4468        897        222        276      0.235      0.554      0.809      0.694      0.760 
297     1.1022       4469        896        221        277      0.236      0.556      0.809      0.695      0.760 
298     1.1176       4469        896        221        277      0.236      0.556      0.809      0.695      0.760 
299     1.1303       4470        895        220        278      0.237      0.558      0.810      0.696      0.760 
300       1.12       4468        897        222        276      0.235      0.554      0.809      0.694      0.759 
