# Number of nodes=5863; Number of edges=33322; Number of node features=5; Model: gin.
epoch       loss         tn         fp         fn         tp       prec        rec        acc       bacc        auc 
1     1.2829       4423        942        267        231      0.197      0.464      0.794      0.644      0.709 
2     1.2385       4425        940        265        233      0.199      0.468      0.794      0.646      0.713 
3     1.2024       4425        940        265        233      0.199      0.468      0.794      0.646      0.715 
4     1.1795       4422        943        268        230      0.196      0.462      0.793      0.643      0.716 
5     1.1726       4421        944        269        229      0.195      0.460      0.793      0.642      0.717 
6     1.1608       4424        941        266        232      0.198      0.466      0.794      0.645      0.718 
7     1.1645       4428        937        262        236      0.201      0.474      0.795      0.650      0.719 
8     1.1657       4430        935        260        238      0.203      0.478      0.796      0.652      0.721 
9     1.1638       4432        933        258        240      0.205      0.482      0.797      0.654      0.723 
10     1.1334       4434        931        256        242      0.206      0.486      0.798      0.656      0.725 
11     1.1574       4432        933        258        240      0.205      0.482      0.797      0.654      0.728 
12      1.134       4433        932        257        241      0.205      0.484      0.797      0.655      0.730 
13     1.1288       4436        929        254        244      0.208      0.490      0.798      0.658      0.731 
14     1.1395       4440        925        250        248      0.211      0.498      0.800      0.663      0.731 
15     1.1257       4437        928        253        245      0.209      0.492      0.799      0.659      0.732 
16     1.1369       4437        928        253        245      0.209      0.492      0.799      0.659      0.732 
17     1.1368       4438        927        252        246      0.210      0.494      0.799      0.661      0.733 
18     1.1203       4436        929        254        244      0.208      0.490      0.798      0.658      0.733 
19     1.1195       4438        927        252        246      0.210      0.494      0.799      0.661      0.734 
20     1.1314       4437        928        253        245      0.209      0.492      0.799      0.659      0.734 
21     1.1281       4437        928        253        245      0.209      0.492      0.799      0.659      0.735 
22     1.1345       4439        926        251        247      0.211      0.496      0.799      0.662      0.735 
23     1.1253       4441        924        249        249      0.212      0.500      0.800      0.664      0.736 
24     1.1199       4441        924        249        249      0.212      0.500      0.800      0.664      0.737 
25     1.1259       4439        926        251        247      0.211      0.496      0.799      0.662      0.737 
26     1.1191       4441        924        249        249      0.212      0.500      0.800      0.664      0.738 
27     1.1207       4442        923        248        250      0.213      0.502      0.800      0.665      0.738 
28     1.1021       4441        924        249        249      0.212      0.500      0.800      0.664      0.739 
29     1.1269       4450        915        240        258      0.220      0.518      0.803      0.674      0.741 
30     1.1087       4452        913        238        260      0.222      0.522      0.804      0.676      0.742 
31     1.1058       4453        912        237        261      0.223      0.524      0.804      0.677      0.742 
32     1.1039       4448        917        242        256      0.218      0.514      0.802      0.672      0.743 
33     1.1056       4455        910        235        263      0.224      0.528      0.805      0.679      0.743 
34     1.0986       4447        918        243        255      0.217      0.512      0.802      0.670      0.743 
35     1.1059       4445        920        245        253      0.216      0.508      0.801      0.668      0.743 
36     1.0938       4447        918        243        255      0.217      0.512      0.802      0.670      0.743 
37     1.1026       4441        924        249        249      0.212      0.500      0.800      0.664      0.743 
38     1.0897       4441        924        249        249      0.212      0.500      0.800      0.664      0.743 
39     1.0915       4442        923        248        250      0.213      0.502      0.800      0.665      0.743 
40     1.1061       4441        924        249        249      0.212      0.500      0.800      0.664      0.744 
41        1.1       4442        923        248        250      0.213      0.502      0.800      0.665      0.745 
42      1.096       4446        919        244        254      0.217      0.510      0.802      0.669      0.746 
43     1.0907       4447        918        243        255      0.217      0.512      0.802      0.670      0.748 
44      1.089       4449        916        241        257      0.219      0.516      0.803      0.673      0.750 
45     1.0936       4444        921        246        252      0.215      0.506      0.801      0.667      0.750 
46     1.0891       4443        922        247        251      0.214      0.504      0.801      0.666      0.750 
47      1.081       4456        909        234        264      0.225      0.530      0.805      0.680      0.755 
48     1.0845       4457        908        233        265      0.226      0.532      0.805      0.681      0.756 
49     1.0901       4447        918        243        255      0.217      0.512      0.802      0.670      0.749 
50     1.0876       4458        907        232        266      0.227      0.534      0.806      0.683      0.757 
51     1.0815       4461        904        229        269      0.229      0.540      0.807      0.686      0.756 
52     1.0842       4460        905        230        268      0.228      0.538      0.806      0.685      0.757 
53     1.0726       4457        908        233        265      0.226      0.532      0.805      0.681      0.758 
54     1.0725       4453        912        237        261      0.223      0.524      0.804      0.677      0.755 
55     1.0781       4452        913        238        260      0.222      0.522      0.804      0.676      0.755 
56     1.0855       4456        909        234        264      0.225      0.530      0.805      0.680      0.758 
57      1.084       4460        905        230        268      0.228      0.538      0.806      0.685      0.758 
58     1.0651       4455        910        235        263      0.224      0.528      0.805      0.679      0.758 
59     1.0888       4453        912        237        261      0.223      0.524      0.804      0.677      0.758 
60     1.0729       4455        910        235        263      0.224      0.528      0.805      0.679      0.759 
61     1.0704       4453        912        237        261      0.223      0.524      0.804      0.677      0.761 
62     1.0805       4441        924        249        249      0.212      0.500      0.800      0.664      0.750 
63     1.0613       4453        912        237        261      0.223      0.524      0.804      0.677      0.760 
64     1.0769       4464        901        226        272      0.232      0.546      0.808      0.689      0.764 
65      1.063       4464        901        226        272      0.232      0.546      0.808      0.689      0.764 
66     1.0838       4460        905        230        268      0.228      0.538      0.806      0.685      0.763 
67     1.0735       4460        905        230        268      0.228      0.538      0.806      0.685      0.757 
68     1.0752       4464        901        226        272      0.232      0.546      0.808      0.689      0.764 
69     1.0678       4459        906        231        267      0.228      0.536      0.806      0.684      0.764 
70     1.0696       4458        907        232        266      0.227      0.534      0.806      0.683      0.763 
71     1.0697       4453        912        237        261      0.223      0.524      0.804      0.677      0.758 
72     1.0694       4467        898        223        275      0.234      0.552      0.809      0.692      0.767 
73     1.0738       4470        895        220        278      0.237      0.558      0.810      0.696      0.768 
74     1.0516       4470        895        220        278      0.237      0.558      0.810      0.696      0.768 
75     1.0703       4459        906        231        267      0.228      0.536      0.806      0.684      0.766 
76     1.0508       4451        914        239        259      0.221      0.520      0.803      0.675      0.759 
77     1.0596       4456        909        234        264      0.225      0.530      0.805      0.680      0.765 
78     1.0564       4461        904        229        269      0.229      0.540      0.807      0.686      0.769 
79     1.0528       4466        899        224        274      0.234      0.550      0.808      0.691      0.768 
80     1.0558       4469        896        221        277      0.236      0.556      0.809      0.695      0.770 
81     1.0598       4465        900        225        273      0.233      0.548      0.808      0.690      0.770 
82     1.0487       4463        902        227        271      0.231      0.544      0.807      0.688      0.769 
83     1.0486       4465        900        225        273      0.233      0.548      0.808      0.690      0.769 
84     1.0462       4466        899        224        274      0.234      0.550      0.808      0.691      0.769 
85     1.0508       4471        894        219        279      0.238      0.560      0.810      0.697      0.770 
86     1.0458       4470        895        220        278      0.237      0.558      0.810      0.696      0.771 
87     1.0525       4469        896        221        277      0.236      0.556      0.809      0.695      0.770 
88      1.058       4461        904        229        269      0.229      0.540      0.807      0.686      0.759 
89     1.0482       4466        899        224        274      0.234      0.550      0.808      0.691      0.772 
90      1.052       4465        900        225        273      0.233      0.548      0.808      0.690      0.773 
91     1.0448       4468        897        222        276      0.235      0.554      0.809      0.694      0.773 
92     1.0535       4467        898        223        275      0.234      0.552      0.809      0.692      0.771 
93     1.0437       4464        901        226        272      0.232      0.546      0.808      0.689      0.768 
94     1.0536       4465        900        225        273      0.233      0.548      0.808      0.690      0.767 
95     1.0395       4466        899        224        274      0.234      0.550      0.808      0.691      0.769 
96     1.0415       4475        890        215        283      0.241      0.568      0.812      0.701      0.772 
97     1.0257       4473        892        217        281      0.240      0.564      0.811      0.699      0.771 
98     1.0462       4467        898        223        275      0.234      0.552      0.809      0.692      0.768 
99     1.0449       4458        907        232        266      0.227      0.534      0.806      0.683      0.757 
100     1.0455       4469        896        221        277      0.236      0.556      0.809      0.695      0.774 
101     1.0349       4462        903        228        270      0.230      0.542      0.807      0.687      0.765 
102      1.035       4468        897        222        276      0.235      0.554      0.809      0.694      0.773 
103     1.0353       4472        893        218        280      0.239      0.562      0.811      0.698      0.774 
104     1.0401       4473        892        217        281      0.240      0.564      0.811      0.699      0.775 
105     1.0345       4467        898        223        275      0.234      0.552      0.809      0.692      0.774 
106     1.0379       4467        898        223        275      0.234      0.552      0.809      0.692      0.768 
107     1.0361       4466        899        224        274      0.234      0.550      0.808      0.691      0.775 
108      1.023       4460        905        230        268      0.228      0.538      0.806      0.685      0.770 
109     1.0499       4469        896        221        277      0.236      0.556      0.809      0.695      0.772 
110     1.0422       4451        914        239        259      0.221      0.520      0.803      0.675      0.744 
111     1.0436       4475        890        215        283      0.241      0.568      0.812      0.701      0.777 
112     1.0228       4471        894        219        279      0.238      0.560      0.810      0.697      0.776 
113     1.0353       4447        918        243        255      0.217      0.512      0.802      0.670      0.741 
114     1.0323       4393        972        297        201      0.171      0.404      0.784      0.611      0.670 
115     1.0422       4470        895        220        278      0.237      0.558      0.810      0.696      0.765 
116     1.0235       4468        897        222        276      0.235      0.554      0.809      0.694      0.776 
117     1.0357       4469        896        221        277      0.236      0.556      0.809      0.695      0.778 
118      1.038       4472        893        218        280      0.239      0.562      0.811      0.698      0.779 
119     1.0442       4467        898        223        275      0.234      0.552      0.809      0.692      0.780 
120     1.0242       4468        897        222        276      0.235      0.554      0.809      0.694      0.776 
121     1.0302       4467        898        223        275      0.234      0.552      0.809      0.692      0.776 
122     1.0466       4472        893        218        280      0.239      0.562      0.811      0.698      0.776 
123     1.0413       4474        891        216        282      0.240      0.566      0.811      0.700      0.776 
124     1.0458       4471        894        219        279      0.238      0.560      0.810      0.697      0.778 
125     1.0359       4472        893        218        280      0.239      0.562      0.811      0.698      0.775 
126      1.018       4472        893        218        280      0.239      0.562      0.811      0.698      0.776 
127     1.0306       4477        888        213        285      0.243      0.572      0.812      0.703      0.782 
128     1.0409       4478        887        212        286      0.244      0.574      0.813      0.704      0.782 
129     1.0386       4471        894        219        279      0.238      0.560      0.810      0.697      0.780 
130     1.0075       4471        894        219        279      0.238      0.560      0.810      0.697      0.778 
131     1.0222       4474        891        216        282      0.240      0.566      0.811      0.700      0.780 
132     1.0242       4479        886        211        287      0.245      0.576      0.813      0.706      0.782 
133     1.0261       4475        890        215        283      0.241      0.568      0.812      0.701      0.783 
134     1.0184       4469        896        221        277      0.236      0.556      0.809      0.695      0.782 
135     1.0179       4471        894        219        279      0.238      0.560      0.810      0.697      0.782 
136     1.0082       4467        898        223        275      0.234      0.552      0.809      0.692      0.779 
137     1.0039       4470        895        220        278      0.237      0.558      0.810      0.696      0.781 
138       1.02       4470        895        220        278      0.237      0.558      0.810      0.696      0.781 
139     1.0266       4465        900        225        273      0.233      0.548      0.808      0.690      0.778 
140     1.0194       4467        898        223        275      0.234      0.552      0.809      0.692      0.778 
141     1.0135       4475        890        215        283      0.241      0.568      0.812      0.701      0.785 
142     1.0143       4469        896        221        277      0.236      0.556      0.809      0.695      0.784 
143     1.0072       4469        896        221        277      0.236      0.556      0.809      0.695      0.780 
144     1.0166       4481        884        209        289      0.246      0.580      0.814      0.708      0.784 
145     1.0179       4483        882        207        291      0.248      0.584      0.814      0.710      0.785 
146     1.0258       4471        894        219        279      0.238      0.560      0.810      0.697      0.781 
147     1.0251       4483        882        207        291      0.248      0.584      0.814      0.710      0.781 
148     1.0244       4483        882        207        291      0.248      0.584      0.814      0.710      0.788 
149     1.0017       4479        886        211        287      0.245      0.576      0.813      0.706      0.786 
150     1.0146       4483        882        207        291      0.248      0.584      0.814      0.710      0.787 
151     1.0066       4483        882        207        291      0.248      0.584      0.814      0.710      0.783 
152     1.0131       4480        885        210        288      0.246      0.578      0.813      0.707      0.785 
153     1.0139       4475        890        215        283      0.241      0.568      0.812      0.701      0.783 
154     1.0228       4485        880        205        293      0.250      0.588      0.815      0.712      0.790 
155     1.0108       4473        892        217        281      0.240      0.564      0.811      0.699      0.769 
156     1.0257       4474        891        216        282      0.240      0.566      0.811      0.700      0.783 
157     1.0048       4477        888        213        285      0.243      0.572      0.812      0.703      0.790 
158      1.019       4481        884        209        289      0.246      0.580      0.814      0.708      0.792 
159     1.0029       4481        884        209        289      0.246      0.580      0.814      0.708      0.790 
160     1.0132       4476        889        214        284      0.242      0.570      0.812      0.702      0.789 
161    0.98735       4485        880        205        293      0.250      0.588      0.815      0.712      0.792 
162     1.0017       4470        895        220        278      0.237      0.558      0.810      0.696      0.772 
163     1.0053       4465        900        225        273      0.233      0.548      0.808      0.690      0.761 
164    0.99694       4481        884        209        289      0.246      0.580      0.814      0.708      0.790 
165    0.97863       4481        884        209        289      0.246      0.580      0.814      0.708      0.794 
166     1.0018       4477        888        213        285      0.243      0.572      0.812      0.703      0.777 
167     1.0078       4478        887        212        286      0.244      0.574      0.813      0.704      0.785 
168    0.97936       4471        894        219        279      0.238      0.560      0.810      0.697      0.784 
169     1.0007       4471        894        219        279      0.238      0.560      0.810      0.697      0.782 
170    0.99595       4475        890        215        283      0.241      0.568      0.812      0.701      0.786 
171    0.99977       4477        888        213        285      0.243      0.572      0.812      0.703      0.784 
172     1.0299       4480        885        210        288      0.246      0.578      0.813      0.707      0.788 
173     1.0061       4480        885        210        288      0.246      0.578      0.813      0.707      0.786 
174      1.016       4479        886        211        287      0.245      0.576      0.813      0.706      0.775 
175      1.043       4474        891        216        282      0.240      0.566      0.811      0.700      0.778 
176     1.0167       4475        890        215        283      0.241      0.568      0.812      0.701      0.784 
177     1.0091       4475        890        215        283      0.241      0.568      0.812      0.701      0.787 
178     1.0147       4478        887        212        286      0.244      0.574      0.813      0.704      0.786 
179     1.0121       4480        885        210        288      0.246      0.578      0.813      0.707      0.784 
180    0.99336       4478        887        212        286      0.244      0.574      0.813      0.704      0.787 
181     1.0097       4478        887        212        286      0.244      0.574      0.813      0.704      0.786 
182    0.99969       4475        890        215        283      0.241      0.568      0.812      0.701      0.784 
183     1.0076       4474        891        216        282      0.240      0.566      0.811      0.700      0.783 
184     1.0112       4479        886        211        287      0.245      0.576      0.813      0.706      0.790 
185     1.0032       4473        892        217        281      0.240      0.564      0.811      0.699      0.783 
186    0.99298       4475        890        215        283      0.241      0.568      0.812      0.701      0.785 
187    0.97919       4472        893        218        280      0.239      0.562      0.811      0.698      0.779 
188     1.0057       4479        886        211        287      0.245      0.576      0.813      0.706      0.786 
189     1.0003       4472        893        218        280      0.239      0.562      0.811      0.698      0.790 
190    0.99087       4476        889        214        284      0.242      0.570      0.812      0.702      0.787 
191    0.98971       4475        890        215        283      0.241      0.568      0.812      0.701      0.783 
192    0.99864       4475        890        215        283      0.241      0.568      0.812      0.701      0.789 
193     0.9869       4476        889        214        284      0.242      0.570      0.812      0.702      0.791 
194    0.98088       4477        888        213        285      0.243      0.572      0.812      0.703      0.789 
195    0.98674       4478        887        212        286      0.244      0.574      0.813      0.704      0.788 
196    0.99934       4481        884        209        289      0.246      0.580      0.814      0.708      0.796 
197    0.98715       4480        885        210        288      0.246      0.578      0.813      0.707      0.794 
198    0.99281       4479        886        211        287      0.245      0.576      0.813      0.706      0.792 
199    0.97438       4482        883        208        290      0.247      0.582      0.814      0.709      0.793 
200    0.98129       4483        882        207        291      0.248      0.584      0.814      0.710      0.792 
201    0.98704       4476        889        214        284      0.242      0.570      0.812      0.702      0.789 
202    0.97318       4477        888        213        285      0.243      0.572      0.812      0.703      0.784 
203    0.97936       4462        903        228        270      0.230      0.542      0.807      0.687      0.764 
204    0.97827       4453        912        237        261      0.223      0.524      0.804      0.677      0.747 
205    0.98204       4467        898        223        275      0.234      0.552      0.809      0.692      0.763 
206    0.96963       4486        879        204        294      0.251      0.590      0.815      0.713      0.793 
207    0.98688       4491        874        199        299      0.255      0.600      0.817      0.719      0.799 
208    0.96639       4491        874        199        299      0.255      0.600      0.817      0.719      0.801 
209    0.96741       4491        874        199        299      0.255      0.600      0.817      0.719      0.800 
210    0.98949       4482        883        208        290      0.247      0.582      0.814      0.709      0.795 
211     1.0011       4484        881        206        292      0.249      0.586      0.815      0.711      0.794 
212     0.9901       4472        893        218        280      0.239      0.562      0.811      0.698      0.772 
213      1.008       4476        889        214        284      0.242      0.570      0.812      0.702      0.786 
214    0.98671       4473        892        217        281      0.240      0.564      0.811      0.699      0.780 
215      0.986       4475        890        215        283      0.241      0.568      0.812      0.701      0.779 
216    0.98463       4475        890        215        283      0.241      0.568      0.812      0.701      0.783 
217    0.98257       4469        896        221        277      0.236      0.556      0.809      0.695      0.779 
218    0.98544       4472        893        218        280      0.239      0.562      0.811      0.698      0.781 
219    0.97679       4471        894        219        279      0.238      0.560      0.810      0.697      0.784 
220    0.98564       4482        883        208        290      0.247      0.582      0.814      0.709      0.794 
221     0.9861       4482        883        208        290      0.247      0.582      0.814      0.709      0.797 
222    0.97395       4480        885        210        288      0.246      0.578      0.813      0.707      0.794 
223     0.9885       4476        889        214        284      0.242      0.570      0.812      0.702      0.779 
224    0.98337       4484        881        206        292      0.249      0.586      0.815      0.711      0.795 
225     0.9731       4485        880        205        293      0.250      0.588      0.815      0.712      0.800 
226    0.97606       4474        891        216        282      0.240      0.566      0.811      0.700      0.778 
227    0.97424       4486        879        204        294      0.251      0.590      0.815      0.713      0.800 
228     0.9615       4486        879        204        294      0.251      0.590      0.815      0.713      0.803 
229    0.96462       4491        874        199        299      0.255      0.600      0.817      0.719      0.802 
230    0.98361       4483        882        207        291      0.248      0.584      0.814      0.710      0.803 
231    0.95468       4485        880        205        293      0.250      0.588      0.815      0.712      0.803 
232    0.96598       4487        878        203        295      0.251      0.592      0.816      0.714      0.799 
233    0.96614       4483        882        207        291      0.248      0.584      0.814      0.710      0.789 
234    0.96422       4492        873        198        300      0.256      0.602      0.817      0.720      0.808 
235    0.95733       4486        879        204        294      0.251      0.590      0.815      0.713      0.804 
236    0.99073       4445        920        245        253      0.216      0.508      0.801      0.668      0.730 
237     1.0152       4486        879        204        294      0.251      0.590      0.815      0.713      0.804 
238    0.97522       4479        886        211        287      0.245      0.576      0.813      0.706      0.791 
239     1.0116       4481        884        209        289      0.246      0.580      0.814      0.708      0.797 
240    0.98246       4482        883        208        290      0.247      0.582      0.814      0.709      0.790 
241    0.98309       4481        884        209        289      0.246      0.580      0.814      0.708      0.790 
242     0.9904       4482        883        208        290      0.247      0.582      0.814      0.709      0.795 
243    0.98932       4482        883        208        290      0.247      0.582      0.814      0.709      0.792 
244    0.97669       4481        884        209        289      0.246      0.580      0.814      0.708      0.793 
245    0.98905       4479        886        211        287      0.245      0.576      0.813      0.706      0.787 
246    0.98871       4476        889        214        284      0.242      0.570      0.812      0.702      0.787 
247    0.97254       4486        879        204        294      0.251      0.590      0.815      0.713      0.797 
248    0.97354       4488        877        202        296      0.252      0.594      0.816      0.715      0.799 
249    0.97503       4487        878        203        295      0.251      0.592      0.816      0.714      0.798 
250    0.96561       4488        877        202        296      0.252      0.594      0.816      0.715      0.798 
251    0.96976       4480        885        210        288      0.246      0.578      0.813      0.707      0.793 
252     0.9638       4466        899        224        274      0.234      0.550      0.808      0.691      0.774 
253     0.9617       4473        892        217        281      0.240      0.564      0.811      0.699      0.782 
254    0.95556       4482        883        208        290      0.247      0.582      0.814      0.709      0.797 
255    0.94687       4490        875        200        298      0.254      0.598      0.817      0.718      0.805 
256    0.95296       4485        880        205        293      0.250      0.588      0.815      0.712      0.800 
257    0.96389       4460        905        230        268      0.228      0.538      0.806      0.685      0.763 
258      0.969       4480        885        210        288      0.246      0.578      0.813      0.707      0.796 
259    0.94156       4486        879        204        294      0.251      0.590      0.815      0.713      0.806 
260    0.94863       4488        877        202        296      0.252      0.594      0.816      0.715      0.802 
261    0.94944       4490        875        200        298      0.254      0.598      0.817      0.718      0.803 
262    0.95203       4489        876        201        297      0.253      0.596      0.816      0.717      0.806 
263    0.95741       4491        874        199        299      0.255      0.600      0.817      0.719      0.806 
264    0.94657       4496        869        194        304      0.259      0.610      0.819      0.724      0.811 
265     0.9608       4498        867        192        306      0.261      0.614      0.819      0.726      0.811 
266    0.95765       4498        867        192        306      0.261      0.614      0.819      0.726      0.808 
267    0.93894       4491        874        199        299      0.255      0.600      0.817      0.719      0.807 
268    0.94977       4492        873        198        300      0.256      0.602      0.817      0.720      0.803 
269    0.93629       4493        872        197        301      0.257      0.604      0.818      0.721      0.805 
270    0.94458       4492        873        198        300      0.256      0.602      0.817      0.720      0.807 
271    0.95233       4494        871        196        302      0.257      0.606      0.818      0.722      0.807 
272     0.9336       4493        872        197        301      0.257      0.604      0.818      0.721      0.810 
273     0.9362       4494        871        196        302      0.257      0.606      0.818      0.722      0.813 
274    0.93928       4498        867        192        306      0.261      0.614      0.819      0.726      0.812 
275    0.93278       4498        867        192        306      0.261      0.614      0.819      0.726      0.813 
276    0.92212       4489        876        201        297      0.253      0.596      0.816      0.717      0.800 
277    0.94704       4484        881        206        292      0.249      0.586      0.815      0.711      0.799 
278    0.96008       4491        874        199        299      0.255      0.600      0.817      0.719      0.804 
279    0.94624       4492        873        198        300      0.256      0.602      0.817      0.720      0.812 
280    0.95582       4490        875        200        298      0.254      0.598      0.817      0.718      0.812 
281     0.9453       4488        877        202        296      0.252      0.594      0.816      0.715      0.806 
282    0.93397       4489        876        201        297      0.253      0.596      0.816      0.717      0.806 
283    0.93808       4494        871        196        302      0.257      0.606      0.818      0.722      0.812 
284    0.94925       4449        916        241        257      0.219      0.516      0.803      0.673      0.738 
285    0.94372       4485        880        205        293      0.250      0.588      0.815      0.712      0.794 
286    0.91108       4490        875        200        298      0.254      0.598      0.817      0.718      0.808 
287    0.94889       4492        873        198        300      0.256      0.602      0.817      0.720      0.808 
288    0.93737       4492        873        198        300      0.256      0.602      0.817      0.720      0.796 
289     0.9235       4485        880        205        293      0.250      0.588      0.815      0.712      0.806 
290    0.92962       4490        875        200        298      0.254      0.598      0.817      0.718      0.810 
291    0.93827       4491        874        199        299      0.255      0.600      0.817      0.719      0.811 
292    0.93305       4494        871        196        302      0.257      0.606      0.818      0.722      0.811 
293    0.93126       4479        886        211        287      0.245      0.576      0.813      0.706      0.792 
294     1.0448       4474        891        216        282      0.240      0.566      0.811      0.700      0.779 
295     1.0295       4486        879        204        294      0.251      0.590      0.815      0.713      0.790 
296    0.96792       4478        887        212        286      0.244      0.574      0.813      0.704      0.785 
297    0.99475       4472        893        218        280      0.239      0.562      0.811      0.698      0.779 
298     1.0042       4469        896        221        277      0.236      0.556      0.809      0.695      0.777 
299     1.0019       4468        897        222        276      0.235      0.554      0.809      0.694      0.777 
300     0.9962       4467        898        223        275      0.234      0.552      0.809      0.692      0.776 
