# Number of nodes=5863; Number of edges=33322; Number of node features=5; Model: gtn.
epoch       loss         tn         fp         fn         tp       prec        rec        acc       bacc        auc 
1     1.3614       3524        768        228        170      0.181      0.427      0.788      0.624      0.701 
2     2.0878       3514        778        238        160      0.171      0.402      0.783      0.610      0.681 
3     1.3414       3506        786        246        152      0.162      0.382      0.780      0.599      0.621 
4     1.2752       3475        817        277        121      0.129      0.304      0.767      0.557      0.590 
5     1.4052       3487        805        265        133      0.142      0.334      0.772      0.573      0.611 
6     1.3395       3504        788        248        150      0.160      0.377      0.779      0.597      0.645 
7     1.2417       3518        774        234        164      0.175      0.412      0.785      0.616      0.674 
8     1.1957       3527        765        225        173      0.184      0.435      0.789      0.628      0.692 
9     1.2091       3525        767        227        171      0.182      0.430      0.788      0.625      0.702 
10     1.2316       3528        764        224        174      0.186      0.437      0.789      0.630      0.706 
11     1.2336       3534        758        218        180      0.192      0.452      0.792      0.638      0.707 
12     1.2184       3533        759        219        179      0.191      0.450      0.791      0.636      0.708 
13     1.1988       3534        758        218        180      0.192      0.452      0.792      0.638      0.707 
14     1.1791       3532        760        220        178      0.190      0.447      0.791      0.635      0.705 
15     1.1659       3531        761        221        177      0.189      0.445      0.791      0.634      0.703 
16     1.1639       3531        761        221        177      0.189      0.445      0.791      0.634      0.702 
17     1.1702       3531        761        221        177      0.189      0.445      0.791      0.634      0.704 
18      1.167       3537        755        215        183      0.195      0.460      0.793      0.642      0.709 
19      1.159       3544        748        208        190      0.203      0.477      0.796      0.652      0.714 
20     1.1598       3549        743        203        195      0.208      0.490      0.798      0.658      0.719 
21     1.1462       3548        744        204        194      0.207      0.487      0.798      0.657      0.724 
22     1.1414       3549        743        203        195      0.208      0.490      0.798      0.658      0.728 
23     1.1332       3553        739        199        199      0.212      0.500      0.800      0.664      0.732 
24     1.1341       3555        737        197        201      0.214      0.505      0.801      0.667      0.735 
25     1.1208       3553        739        199        199      0.212      0.500      0.800      0.664      0.738 
26      1.121       3552        740        200        198      0.211      0.497      0.800      0.663      0.740 
27      1.123       3557        735        195        203      0.216      0.510      0.802      0.669      0.743 
28     1.1206       3555        737        197        201      0.214      0.505      0.801      0.667      0.745 
29       1.12       3554        738        198        200      0.213      0.503      0.800      0.665      0.747 
30     1.1088       3559        733        193        205      0.219      0.515      0.803      0.672      0.749 
31     1.1082       3557        735        195        203      0.216      0.510      0.802      0.669      0.750 
32     1.1013       3559        733        193        205      0.219      0.515      0.803      0.672      0.751 
33     1.1116       3561        731        191        207      0.221      0.520      0.803      0.675      0.753 
34     1.0986       3565        727        187        211      0.225      0.530      0.805      0.680      0.755 
35     1.0895       3566        726        186        212      0.226      0.533      0.806      0.682      0.758 
36     1.0876       3566        726        186        212      0.226      0.533      0.806      0.682      0.760 
37      1.093       3566        726        186        212      0.226      0.533      0.806      0.682      0.763 
38     1.0916       3566        726        186        212      0.226      0.533      0.806      0.682      0.766 
39     1.0818       3568        724        184        214      0.228      0.538      0.806      0.685      0.769 
40     1.0747       3567        725        185        213      0.227      0.535      0.806      0.683      0.771 
41     1.0903       3569        723        183        215      0.229      0.540      0.807      0.686      0.773 
42     1.0704       3571        721        181        217      0.231      0.545      0.808      0.689      0.775 
43     1.0686       3574        718        178        220      0.235      0.553      0.809      0.693      0.777 
44     1.0736       3575        717        177        221      0.236      0.555      0.809      0.694      0.779 
45     1.0602       3577        715        175        223      0.238      0.560      0.810      0.697      0.780 
46     1.0528       3579        713        173        225      0.240      0.565      0.811      0.700      0.781 
47     1.0633       3578        714        174        224      0.239      0.563      0.811      0.698      0.783 
48     1.0585       3581        711        171        227      0.242      0.570      0.812      0.702      0.784 
49     1.0739       3581        711        171        227      0.242      0.570      0.812      0.702      0.785 
50     1.0432       3581        711        171        227      0.242      0.570      0.812      0.702      0.786 
51     1.0512       3582        710        170        228      0.243      0.573      0.812      0.704      0.787 
52     1.0509       3580        712        172        226      0.241      0.568      0.812      0.701      0.789 
53     1.0551       3580        712        172        226      0.241      0.568      0.812      0.701      0.790 
54     1.0465       3579        713        173        225      0.240      0.565      0.811      0.700      0.791 
55     1.0235       3579        713        173        225      0.240      0.565      0.811      0.700      0.793 
56     1.0224       3579        713        173        225      0.240      0.565      0.811      0.700      0.794 
57     1.0414       3580        712        172        226      0.241      0.568      0.812      0.701      0.795 
58     1.0408       3582        710        170        228      0.243      0.573      0.812      0.704      0.796 
59     1.0467       3584        708        168        230      0.245      0.578      0.813      0.706      0.797 
60     1.0264       3586        706        166        232      0.247      0.583      0.814      0.709      0.798 
61     1.0298       3588        704        164        234      0.249      0.588      0.815      0.712      0.800 
62     1.0171       3588        704        164        234      0.249      0.588      0.815      0.712      0.800 
63     1.0401       3590        702        162        236      0.252      0.593      0.816      0.715      0.801 
64     1.0194       3590        702        162        236      0.252      0.593      0.816      0.715      0.802 
65     1.0214       3588        704        164        234      0.249      0.588      0.815      0.712      0.802 
66     1.0217       3590        702        162        236      0.252      0.593      0.816      0.715      0.803 
67     1.0106       3592        700        160        238      0.254      0.598      0.817      0.717      0.803 
68     1.0013       3591        701        161        237      0.253      0.595      0.816      0.716      0.804 
69     1.0071       3592        700        160        238      0.254      0.598      0.817      0.717      0.804 
70      1.006       3593        699        159        239      0.255      0.601      0.817      0.719      0.806 
71     1.0066       3597        695        155        243      0.259      0.611      0.819      0.724      0.807 
72     1.0095       3598        694        154        244      0.260      0.613      0.819      0.726      0.808 
73     1.0131       3598        694        154        244      0.260      0.613      0.819      0.726      0.810 
74       1.01       3598        694        154        244      0.260      0.613      0.819      0.726      0.812 
75     1.0156       3596        696        156        242      0.258      0.608      0.818      0.723      0.813 
76     1.0047       3597        695        155        243      0.259      0.611      0.819      0.724      0.813 
77    0.99463       3598        694        154        244      0.260      0.613      0.819      0.726      0.815 
78     1.0026       3596        696        156        242      0.258      0.608      0.818      0.723      0.818 
79     1.0008       3595        697        157        241      0.257      0.606      0.818      0.722      0.818 
80     1.0162       3598        694        154        244      0.260      0.613      0.819      0.726      0.817 
81    0.98742       3596        696        156        242      0.258      0.608      0.818      0.723      0.813 
82     1.0233       3600        692        152        246      0.262      0.618      0.820      0.728      0.815 
83     1.0059       3601        691        151        247      0.263      0.621      0.820      0.730      0.818 
84    0.99464       3605        687        147        251      0.268      0.631      0.822      0.735      0.818 
85     1.0055       3607        685        145        253      0.270      0.636      0.823      0.738      0.820 
86     0.9978       3604        688        148        250      0.267      0.628      0.822      0.734      0.821 
87     1.0093       3607        685        145        253      0.270      0.636      0.823      0.738      0.822 
88    0.98485       3608        684        144        254      0.271      0.638      0.823      0.739      0.823 
89    0.98683       3608        684        144        254      0.271      0.638      0.823      0.739      0.826 
90    0.98207       3606        686        146        252      0.269      0.633      0.823      0.737      0.828 
91    0.99572       3601        691        151        247      0.263      0.621      0.820      0.730      0.828 
92    0.98167       3603        689        149        249      0.265      0.626      0.821      0.733      0.828 
93    0.97701       3603        689        149        249      0.265      0.626      0.821      0.733      0.829 
94    0.97991       3605        687        147        251      0.268      0.631      0.822      0.735      0.828 
95    0.98219       3605        687        147        251      0.268      0.631      0.822      0.735      0.827 
96    0.97794       3603        689        149        249      0.265      0.626      0.821      0.733      0.828 
97      0.978       3605        687        147        251      0.268      0.631      0.822      0.735      0.827 
98    0.98181       3605        687        147        251      0.268      0.631      0.822      0.735      0.827 
99    0.98476       3605        687        147        251      0.268      0.631      0.822      0.735      0.824 
100    0.98101       3603        689        149        249      0.265      0.626      0.821      0.733      0.824 
101    0.98138       3602        690        150        248      0.264      0.623      0.821      0.731      0.824 
102    0.99457       3606        686        146        252      0.269      0.633      0.823      0.737      0.825 
103    0.98728       3602        690        150        248      0.264      0.623      0.821      0.731      0.827 
104    0.98195       3600        692        152        246      0.262      0.618      0.820      0.728      0.829 
105    0.98162       3607        685        145        253      0.270      0.636      0.823      0.738      0.831 
106    0.97569       3609        683        143        255      0.272      0.641      0.824      0.741      0.832 
107    0.97977       3611        681        141        257      0.274      0.646      0.825      0.744      0.834 
108    0.97199       3614        678        138        260      0.277      0.653      0.826      0.748      0.837 
109     0.9827       3613        679        139        259      0.276      0.651      0.826      0.746      0.838 
110    0.97948       3615        677        137        261      0.278      0.656      0.826      0.749      0.839 
111    0.98104       3616        676        136        262      0.279      0.658      0.827      0.750      0.840 
112    0.96322       3616        676        136        262      0.279      0.658      0.827      0.750      0.841 
113    0.95613       3615        677        137        261      0.278      0.656      0.826      0.749      0.842 
114    0.95541       3616        676        136        262      0.279      0.658      0.827      0.750      0.844 
115    0.96285       3619        673        133        265      0.283      0.666      0.828      0.755      0.846 
116    0.93741       3621        671        131        267      0.285      0.671      0.829      0.757      0.848 
117    0.96073       3620        672        132        266      0.284      0.668      0.829      0.756      0.849 
118     0.9346       3622        670        130        268      0.286      0.673      0.829      0.759      0.849 
119    0.93183       3624        668        128        270      0.288      0.678      0.830      0.761      0.849 
120    0.93877       3625        667        127        271      0.289      0.681      0.831      0.763      0.850 
121    0.94281       3628        664        124        274      0.292      0.688      0.832      0.767      0.853 
122    0.94122       3629        663        123        275      0.293      0.691      0.832      0.768      0.854 
123    0.92984       3623        669        129        269      0.287      0.676      0.830      0.760      0.853 
124    0.95011       3622        670        130        268      0.286      0.673      0.829      0.759      0.851 
125    0.92875       3621        671        131        267      0.285      0.671      0.829      0.757      0.852 
126    0.92977       3624        668        128        270      0.288      0.678      0.830      0.761      0.853 
127    0.93718       3625        667        127        271      0.289      0.681      0.831      0.763      0.855 
128    0.92504       3631        661        121        277      0.295      0.696      0.833      0.771      0.857 
129    0.93141       3634        658        118        280      0.299      0.704      0.835      0.775      0.859 
130    0.92652       3638        654        114        284      0.303      0.714      0.836      0.781      0.860 
131     0.9484       3637        655        115        283      0.302      0.711      0.836      0.779      0.861 
132    0.92603       3638        654        114        284      0.303      0.714      0.836      0.781      0.863 
133    0.92217       3637        655        115        283      0.302      0.711      0.836      0.779      0.864 
134    0.91581       3637        655        115        283      0.302      0.711      0.836      0.779      0.865 
135    0.93403       3634        658        118        280      0.299      0.704      0.835      0.775      0.867 
136    0.91384       3635        657        117        281      0.300      0.706      0.835      0.776      0.867 
137    0.92423       3632        660        120        278      0.296      0.698      0.834      0.772      0.868 
138    0.91766       3633        659        119        279      0.297      0.701      0.834      0.774      0.868 
139    0.91313       3634        658        118        280      0.299      0.704      0.835      0.775      0.868 
140    0.89961       3636        656        116        282      0.301      0.709      0.835      0.778      0.869 
141    0.90188       3634        658        118        280      0.299      0.704      0.835      0.775      0.871 
142    0.89789       3635        657        117        281      0.300      0.706      0.835      0.776      0.873 
143    0.88527       3638        654        114        284      0.303      0.714      0.836      0.781      0.875 
144    0.90619       3640        652        112        286      0.305      0.719      0.837      0.783      0.877 
145    0.93276       3644        648        108        290      0.309      0.729      0.839      0.789      0.877 
146    0.90367       3644        648        108        290      0.309      0.729      0.839      0.789      0.878 
147    0.87346       3645        647        107        291      0.310      0.731      0.839      0.790      0.879 
148    0.89322       3643        649        109        289      0.308      0.726      0.838      0.787      0.880 
149    0.89916       3644        648        108        290      0.309      0.729      0.839      0.789      0.880 
150    0.90523       3644        648        108        290      0.309      0.729      0.839      0.789      0.880 
151    0.89262       3647        645        105        293      0.312      0.736      0.840      0.793      0.880 
152    0.88737       3646        646        106        292      0.311      0.734      0.840      0.792      0.881 
153      0.907       3644        648        108        290      0.309      0.729      0.839      0.789      0.880 
154    0.89226       3643        649        109        289      0.308      0.726      0.838      0.787      0.882 
155    0.89721       3649        643        103        295      0.314      0.741      0.841      0.796      0.883 
156    0.85016       3649        643        103        295      0.314      0.741      0.841      0.796      0.886 
157    0.85699       3650        642        102        296      0.316      0.744      0.841      0.797      0.887 
158    0.88216       3652        640        100        298      0.318      0.749      0.842      0.800      0.889 
159    0.87057       3652        640        100        298      0.318      0.749      0.842      0.800      0.889 
160    0.86447       3654        638         98        300      0.320      0.754      0.843      0.803      0.888 
161     0.8561       3655        637         97        301      0.321      0.756      0.843      0.804      0.890 
162    0.88112       3656        636         96        302      0.322      0.759      0.844      0.805      0.893 
163    0.88975       3657        635         95        303      0.323      0.761      0.844      0.807      0.894 
164    0.88045       3657        635         95        303      0.323      0.761      0.844      0.807      0.894 
165    0.85479       3657        635         95        303      0.323      0.761      0.844      0.807      0.895 
166    0.87027       3658        634         94        304      0.324      0.764      0.845      0.808      0.896 
167    0.82708       3657        635         95        303      0.323      0.761      0.844      0.807      0.897 
168    0.86357       3661        631         91        307      0.327      0.771      0.846      0.812      0.898 
169    0.87391       3661        631         91        307      0.327      0.771      0.846      0.812      0.897 
170    0.86931       3660        632         92        306      0.326      0.769      0.846      0.811      0.894 
171    0.85315       3656        636         96        302      0.322      0.759      0.844      0.805      0.894 
172    0.86182       3656        636         96        302      0.322      0.759      0.844      0.805      0.895 
173    0.85827       3658        634         94        304      0.324      0.764      0.845      0.808      0.896 
174    0.83682       3656        636         96        302      0.322      0.759      0.844      0.805      0.897 
175    0.82339       3657        635         95        303      0.323      0.761      0.844      0.807      0.899 
176    0.86126       3660        632         92        306      0.326      0.769      0.846      0.811      0.900 
177    0.85071       3660        632         92        306      0.326      0.769      0.846      0.811      0.901 
178    0.86052       3660        632         92        306      0.326      0.769      0.846      0.811      0.901 
179    0.84806       3656        636         96        302      0.322      0.759      0.844      0.805      0.901 
180    0.83801       3656        636         96        302      0.322      0.759      0.844      0.805      0.901 
181    0.84044       3658        634         94        304      0.324      0.764      0.845      0.808      0.903 
182    0.85331       3661        631         91        307      0.327      0.771      0.846      0.812      0.905 
183    0.85265       3660        632         92        306      0.326      0.769      0.846      0.811      0.904 
184    0.84109       3658        634         94        304      0.324      0.764      0.845      0.808      0.904 
185    0.84054       3657        635         95        303      0.323      0.761      0.844      0.807      0.903 
186    0.83756       3657        635         95        303      0.323      0.761      0.844      0.807      0.903 
187    0.85295       3659        633         93        305      0.325      0.766      0.845      0.809      0.904 
188    0.83303       3660        632         92        306      0.326      0.769      0.846      0.811      0.906 
189     0.8387       3662        630         90        308      0.328      0.774      0.846      0.814      0.908 
190    0.84729       3664        628         88        310      0.330      0.779      0.847      0.816      0.910 
191    0.81219       3666        626         86        312      0.333      0.784      0.848      0.819      0.910 
192     0.8275       3668        624         84        314      0.335      0.789      0.849      0.822      0.910 
193    0.83194       3664        628         88        310      0.330      0.779      0.847      0.816      0.910 
194    0.81684       3667        625         85        313      0.334      0.786      0.849      0.820      0.911 
195    0.81006       3667        625         85        313      0.334      0.786      0.849      0.820      0.913 
196    0.82517       3667        625         85        313      0.334      0.786      0.849      0.820      0.914 
197    0.82798       3673        619         79        319      0.340      0.802      0.851      0.829      0.914 
198    0.88278       3671        621         81        317      0.338      0.796      0.850      0.826      0.913 
199    0.81536       3668        624         84        314      0.335      0.789      0.849      0.822      0.912 
200    0.84286       3668        624         84        314      0.335      0.789      0.849      0.822      0.912 
201    0.81692       3668        624         84        314      0.335      0.789      0.849      0.822      0.913 
202    0.82692       3670        622         82        316      0.337      0.794      0.850      0.825      0.913 
203    0.85405       3667        625         85        313      0.334      0.786      0.849      0.820      0.911 
204    0.81902       3666        626         86        312      0.333      0.784      0.848      0.819      0.909 
205    0.83019       3668        624         84        314      0.335      0.789      0.849      0.822      0.908 
206    0.80028       3668        624         84        314      0.335      0.789      0.849      0.822      0.908 
207    0.81993       3669        623         83        315      0.336      0.791      0.849      0.823      0.910 
208    0.83582       3670        622         82        316      0.337      0.794      0.850      0.825      0.913 
209      0.839       3672        620         80        318      0.339      0.799      0.851      0.827      0.915 
210      0.844       3673        619         79        319      0.340      0.802      0.851      0.829      0.915 
211    0.80574       3670        622         82        316      0.337      0.794      0.850      0.825      0.914 
212     0.8247       3669        623         83        315      0.336      0.791      0.849      0.823      0.913 
213    0.81601       3669        623         83        315      0.336      0.791      0.849      0.823      0.914 
214    0.78795       3670        622         82        316      0.337      0.794      0.850      0.825      0.916 
215    0.80498       3670        622         82        316      0.337      0.794      0.850      0.825      0.918 
216    0.78696       3673        619         79        319      0.340      0.802      0.851      0.829      0.920 
217    0.82152       3672        620         80        318      0.339      0.799      0.851      0.827      0.920 
218    0.80472       3674        618         78        320      0.341      0.804      0.852      0.830      0.919 
219    0.78617       3671        621         81        317      0.338      0.796      0.850      0.826      0.918 
220    0.78778       3672        620         80        318      0.339      0.799      0.851      0.827      0.918 
221     0.8164       3674        618         78        320      0.341      0.804      0.852      0.830      0.918 
222    0.82997       3673        619         79        319      0.340      0.802      0.851      0.829      0.917 
223    0.80495       3672        620         80        318      0.339      0.799      0.851      0.827      0.916 
224    0.80324       3671        621         81        317      0.338      0.796      0.850      0.826      0.916 
225    0.80431       3671        621         81        317      0.338      0.796      0.850      0.826      0.916 
226     0.8263       3674        618         78        320      0.341      0.804      0.852      0.830      0.916 
227    0.81348       3672        620         80        318      0.339      0.799      0.851      0.827      0.918 
228    0.82481       3674        618         78        320      0.341      0.804      0.852      0.830      0.915 
229    0.81176       3674        618         78        320      0.341      0.804      0.852      0.830      0.918 
230    0.82575       3677        615         75        323      0.344      0.812      0.853      0.834      0.919 
231    0.82005       3676        616         76        322      0.343      0.809      0.852      0.833      0.919 
232    0.80127       3677        615         75        323      0.344      0.812      0.853      0.834      0.919 
233    0.79591       3677        615         75        323      0.344      0.812      0.853      0.834      0.919 
234    0.81124       3677        615         75        323      0.344      0.812      0.853      0.834      0.919 
235    0.80961       3676        616         76        322      0.343      0.809      0.852      0.833      0.919 
236    0.80532       3680        612         72        326      0.348      0.819      0.854      0.838      0.920 
237    0.78476       3677        615         75        323      0.344      0.812      0.853      0.834      0.920 
238    0.81515       3677        615         75        323      0.344      0.812      0.853      0.834      0.920 
239    0.76275       3678        614         74        324      0.345      0.814      0.853      0.836      0.920 
240    0.78997       3678        614         74        324      0.345      0.814      0.853      0.836      0.921 
241     0.8044       3679        613         73        325      0.346      0.817      0.854      0.837      0.923 
242    0.80341       3679        613         73        325      0.346      0.817      0.854      0.837      0.924 
243    0.79931       3680        612         72        326      0.348      0.819      0.854      0.838      0.925 
244    0.81529       3675        617         77        321      0.342      0.807      0.852      0.831      0.926 
245    0.78866       3680        612         72        326      0.348      0.819      0.854      0.838      0.926 
246    0.80578       3679        613         73        325      0.346      0.817      0.854      0.837      0.926 
247    0.78952       3679        613         73        325      0.346      0.817      0.854      0.837      0.924 
248    0.77688       3676        616         76        322      0.343      0.809      0.852      0.833      0.924 
249    0.79501       3675        617         77        321      0.342      0.807      0.852      0.831      0.924 
250    0.78832       3673        619         79        319      0.340      0.802      0.851      0.829      0.923 
251     0.8004       3673        619         79        319      0.340      0.802      0.851      0.829      0.923 
252    0.80893       3672        620         80        318      0.339      0.799      0.851      0.827      0.923 
253    0.77207       3677        615         75        323      0.344      0.812      0.853      0.834      0.924 
254    0.79297       3678        614         74        324      0.345      0.814      0.853      0.836      0.924 
255    0.77517       3673        619         79        319      0.340      0.802      0.851      0.829      0.925 
256    0.79635       3673        619         79        319      0.340      0.802      0.851      0.829      0.926 
257    0.77346       3677        615         75        323      0.344      0.812      0.853      0.834      0.927 
258    0.78507       3679        613         73        325      0.346      0.817      0.854      0.837      0.927 
259    0.78978       3678        614         74        324      0.345      0.814      0.853      0.836      0.926 
260     0.7651       3677        615         75        323      0.344      0.812      0.853      0.834      0.925 
261     0.7764       3678        614         74        324      0.345      0.814      0.853      0.836      0.926 
262    0.75863       3681        611         71        327      0.349      0.822      0.855      0.840      0.927 
263    0.78735       3683        609         69        329      0.351      0.827      0.855      0.842      0.927 
264    0.76086       3681        611         71        327      0.349      0.822      0.855      0.840      0.926 
265    0.78942       3679        613         73        325      0.346      0.817      0.854      0.837      0.923 
266    0.80565       3681        611         71        327      0.349      0.822      0.855      0.840      0.922 
267    0.79859       3678        614         74        324      0.345      0.814      0.853      0.836      0.923 
268    0.81724       3675        617         77        321      0.342      0.807      0.852      0.831      0.922 
269    0.81897       3672        620         80        318      0.339      0.799      0.851      0.827      0.922 
270    0.77025       3674        618         78        320      0.341      0.804      0.852      0.830      0.924 
271    0.78632       3677        615         75        323      0.344      0.812      0.853      0.834      0.925 
272    0.79789       3680        612         72        326      0.348      0.819      0.854      0.838      0.927 
273    0.81981       3680        612         72        326      0.348      0.819      0.854      0.838      0.928 
274    0.81862       3682        610         70        328      0.350      0.824      0.855      0.841      0.927 
275    0.75695       3679        613         73        325      0.346      0.817      0.854      0.837      0.926 
276    0.77774       3676        616         76        322      0.343      0.809      0.852      0.833      0.926 
277    0.77338       3676        616         76        322      0.343      0.809      0.852      0.833      0.928 
278    0.79208       3680        612         72        326      0.348      0.819      0.854      0.838      0.929 
279    0.76139       3683        609         69        329      0.351      0.827      0.855      0.842      0.931 
280    0.80308       3683        609         69        329      0.351      0.827      0.855      0.842      0.932 
281    0.81415       3684        608         68        330      0.352      0.829      0.856      0.844      0.932 
282    0.74322       3683        609         69        329      0.351      0.827      0.855      0.842      0.932 
283     0.7397       3683        609         69        329      0.351      0.827      0.855      0.842      0.932 
284    0.77169       3685        607         67        331      0.353      0.832      0.856      0.845      0.933 
285    0.75324       3687        605         65        333      0.355      0.837      0.857      0.848      0.934 
286    0.76109       3691        601         61        337      0.359      0.847      0.859      0.853      0.934 
287    0.74064       3692        600         60        338      0.360      0.849      0.859      0.855      0.935 
288    0.78215       3693        599         59        339      0.361      0.852      0.860      0.856      0.936 
289    0.74782       3696        596         56        342      0.365      0.859      0.861      0.860      0.937 
290    0.74928       3695        597         57        341      0.364      0.857      0.861      0.859      0.937 
291    0.73546       3693        599         59        339      0.361      0.852      0.860      0.856      0.937 
292    0.76711       3693        599         59        339      0.361      0.852      0.860      0.856      0.937 
293    0.75642       3694        598         58        340      0.362      0.854      0.860      0.857      0.936 
294    0.73923       3697        595         55        343      0.366      0.862      0.861      0.862      0.936 
295    0.72473       3698        594         54        344      0.367      0.864      0.862      0.863      0.937 
296    0.75865       3697        595         55        343      0.366      0.862      0.861      0.862      0.938 
297    0.73998       3694        598         58        340      0.362      0.854      0.860      0.857      0.938 
298    0.75352       3691        601         61        337      0.359      0.847      0.859      0.853      0.938 
299    0.74039       3692        600         60        338      0.360      0.849      0.859      0.855      0.937 
300    0.77057       3697        595         55        343      0.366      0.862      0.861      0.862      0.938 
