# Number of nodes=5863; Number of edges=33322; Number of node features=5; Model: sage.
epoch       loss         tn         fp         fn         tp       prec        rec        acc       bacc        auc 
1     1.3731       4330       1035        360        138      0.118      0.277      0.762      0.542      0.560 
2     1.3232       4360       1005        330        168      0.143      0.337      0.772      0.575      0.627 
3      1.323       4371        994        319        179      0.153      0.359      0.776      0.587      0.641 
4     1.2923       4374        991        316        182      0.155      0.365      0.777      0.590      0.638 
5      1.262       4374        991        316        182      0.155      0.365      0.777      0.590      0.636 
6     1.2583       4373        992        317        181      0.154      0.363      0.777      0.589      0.638 
7     1.2294       4373        992        317        181      0.154      0.363      0.777      0.589      0.645 
8     1.2345       4377        988        313        185      0.158      0.371      0.778      0.594      0.654 
9     1.2171       4382        983        308        190      0.162      0.382      0.780      0.599      0.663 
10     1.2168       4381        984        309        189      0.161      0.380      0.779      0.598      0.670 
11      1.216       4383        982        307        191      0.163      0.384      0.780      0.600      0.672 
12     1.2142       4385        980        305        193      0.165      0.388      0.781      0.602      0.672 
13     1.2163       4385        980        305        193      0.165      0.388      0.781      0.602      0.671 
14     1.2061       4384        981        306        192      0.164      0.386      0.780      0.601      0.672 
15     1.2051       4387        978        303        195      0.166      0.392      0.782      0.605      0.675 
16     1.2034       4390        975        300        198      0.169      0.398      0.783      0.608      0.680 
17      1.203       4390        975        300        198      0.169      0.398      0.783      0.608      0.687 
18     1.1968       4397        968        292        206      0.175      0.414      0.785      0.617      0.694 
19     1.2064       4401        964        289        209      0.178      0.420      0.786      0.620      0.698 
20     1.1991       4403        962        287        211      0.180      0.424      0.787      0.622      0.700 
21     1.2044       4401        964        289        209      0.178      0.420      0.786      0.620      0.700 
22     1.1859       4402        963        288        210      0.179      0.422      0.787      0.621      0.701 
23     1.1915       4405        960        285        213      0.182      0.428      0.788      0.624      0.702 
24     1.1959       4405        960        285        213      0.182      0.428      0.788      0.624      0.704 
25     1.1845       4407        958        283        215      0.183      0.432      0.788      0.627      0.706 
26     1.1909       4406        959        284        214      0.182      0.430      0.788      0.625      0.708 
27     1.1749       4407        958        283        215      0.183      0.432      0.788      0.627      0.710 
28     1.1693       4409        956        281        217      0.185      0.436      0.789      0.629      0.711 
29     1.1781       4410        955        280        218      0.186      0.438      0.789      0.630      0.711 
30     1.1631       4413        952        277        221      0.188      0.444      0.790      0.633      0.711 
31     1.1876       4411        954        279        219      0.187      0.440      0.790      0.631      0.710 
32     1.1748       4411        954        279        219      0.187      0.440      0.790      0.631      0.711 
33     1.1707       4412        953        278        220      0.188      0.442      0.790      0.632      0.712 
34     1.1625       4413        952        277        221      0.188      0.444      0.790      0.633      0.713 
35     1.1755       4417        948        273        225      0.192      0.452      0.792      0.638      0.714 
36     1.1786       4418        947        272        226      0.193      0.454      0.792      0.639      0.716 
37     1.1742       4417        948        273        225      0.192      0.452      0.792      0.638      0.716 
38     1.1573       4417        948        273        225      0.192      0.452      0.792      0.638      0.717 
39     1.1775       4416        949        274        224      0.191      0.450      0.791      0.636      0.717 
40     1.1798       4420        945        270        228      0.194      0.458      0.793      0.641      0.718 
41     1.1803       4420        945        270        228      0.194      0.458      0.793      0.641      0.719 
42     1.1677       4418        947        272        226      0.193      0.454      0.792      0.639      0.721 
43     1.1718       4420        945        270        228      0.194      0.458      0.793      0.641      0.722 
44     1.1578       4421        944        269        229      0.195      0.460      0.793      0.642      0.723 
45     1.1697       4423        942        267        231      0.197      0.464      0.794      0.644      0.723 
46     1.1678       4425        940        265        233      0.199      0.468      0.794      0.646      0.724 
47     1.1668       4429        936        261        237      0.202      0.476      0.796      0.651      0.724 
48     1.1539       4427        938        263        235      0.200      0.472      0.795      0.649      0.724 
49     1.1613       4427        938        263        235      0.200      0.472      0.795      0.649      0.724 
50     1.1753       4429        936        261        237      0.202      0.476      0.796      0.651      0.724 
51     1.1618       4426        939        264        234      0.199      0.470      0.795      0.647      0.725 
52     1.1572       4427        938        263        235      0.200      0.472      0.795      0.649      0.725 
53     1.1561       4426        939        264        234      0.199      0.470      0.795      0.647      0.725 
54     1.1661       4429        936        261        237      0.202      0.476      0.796      0.651      0.725 
55     1.1519       4432        933        258        240      0.205      0.482      0.797      0.654      0.725 
56     1.1664       4431        934        259        239      0.204      0.480      0.797      0.653      0.725 
57     1.1434       4431        934        259        239      0.204      0.480      0.797      0.653      0.725 
58     1.1418       4431        934        259        239      0.204      0.480      0.797      0.653      0.726 
59     1.1574       4431        934        259        239      0.204      0.480      0.797      0.653      0.726 
60     1.1552       4431        934        259        239      0.204      0.480      0.797      0.653      0.727 
61     1.1549       4429        936        261        237      0.202      0.476      0.796      0.651      0.727 
62     1.1548       4430        935        260        238      0.203      0.478      0.796      0.652      0.727 
63     1.1663       4429        936        261        237      0.202      0.476      0.796      0.651      0.728 
64     1.1617       4430        935        260        238      0.203      0.478      0.796      0.652      0.729 
65     1.1463       4433        932        257        241      0.205      0.484      0.797      0.655      0.729 
66     1.1522       4434        931        256        242      0.206      0.486      0.798      0.656      0.729 
67     1.1568       4434        931        256        242      0.206      0.486      0.798      0.656      0.729 
68      1.146       4434        931        256        242      0.206      0.486      0.798      0.656      0.729 
69     1.1441       4433        932        257        241      0.205      0.484      0.797      0.655      0.730 
70     1.1392       4433        932        257        241      0.205      0.484      0.797      0.655      0.730 
71     1.1474       4435        930        255        243      0.207      0.488      0.798      0.657      0.731 
72     1.1391       4434        931        256        242      0.206      0.486      0.798      0.656      0.731 
73     1.1403       4435        930        255        243      0.207      0.488      0.798      0.657      0.731 
74     1.1591       4432        933        258        240      0.205      0.482      0.797      0.654      0.731 
75     1.1459       4430        935        260        238      0.203      0.478      0.796      0.652      0.731 
76     1.1414       4431        934        259        239      0.204      0.480      0.797      0.653      0.731 
77     1.1408       4429        936        261        237      0.202      0.476      0.796      0.651      0.731 
78     1.1514       4429        936        261        237      0.202      0.476      0.796      0.651      0.732 
79     1.1453       4429        936        261        237      0.202      0.476      0.796      0.651      0.732 
80     1.1461       4430        935        260        238      0.203      0.478      0.796      0.652      0.733 
81     1.1477       4429        936        261        237      0.202      0.476      0.796      0.651      0.733 
82     1.1598       4431        934        259        239      0.204      0.480      0.797      0.653      0.733 
83     1.1448       4434        931        256        242      0.206      0.486      0.798      0.656      0.733 
84     1.1317       4436        929        254        244      0.208      0.490      0.798      0.658      0.734 
85     1.1403       4439        926        251        247      0.211      0.496      0.799      0.662      0.734 
86     1.1342       4438        927        252        246      0.210      0.494      0.799      0.661      0.734 
87     1.1454       4438        927        252        246      0.210      0.494      0.799      0.661      0.735 
88     1.1495       4439        926        251        247      0.211      0.496      0.799      0.662      0.735 
89     1.1463       4437        928        253        245      0.209      0.492      0.799      0.659      0.735 
90     1.1383       4435        930        255        243      0.207      0.488      0.798      0.657      0.736 
91     1.1412       4438        927        252        246      0.210      0.494      0.799      0.661      0.736 
92     1.1346       4436        929        254        244      0.208      0.490      0.798      0.658      0.737 
93     1.1542       4433        932        257        241      0.205      0.484      0.797      0.655      0.737 
94     1.1269       4435        930        255        243      0.207      0.488      0.798      0.657      0.737 
95     1.1447       4432        933        258        240      0.205      0.482      0.797      0.654      0.738 
96     1.1323       4432        933        258        240      0.205      0.482      0.797      0.654      0.738 
97     1.1435       4434        931        256        242      0.206      0.486      0.798      0.656      0.738 
98     1.1433       4434        931        256        242      0.206      0.486      0.798      0.656      0.738 
99     1.1409       4434        931        256        242      0.206      0.486      0.798      0.656      0.738 
100     1.1365       4434        931        256        242      0.206      0.486      0.798      0.656      0.738 
101     1.1447       4436        929        254        244      0.208      0.490      0.798      0.658      0.739 
102     1.1507       4439        926        251        247      0.211      0.496      0.799      0.662      0.739 
103     1.1345       4440        925        250        248      0.211      0.498      0.800      0.663      0.739 
104     1.1457       4439        926        251        247      0.211      0.496      0.799      0.662      0.739 
105     1.1339       4438        927        252        246      0.210      0.494      0.799      0.661      0.740 
106     1.1346       4439        926        251        247      0.211      0.496      0.799      0.662      0.740 
107     1.1466       4436        929        254        244      0.208      0.490      0.798      0.658      0.740 
108     1.1208       4438        927        252        246      0.210      0.494      0.799      0.661      0.741 
109     1.1457       4438        927        252        246      0.210      0.494      0.799      0.661      0.741 
110     1.1377       4438        927        252        246      0.210      0.494      0.799      0.661      0.741 
111     1.1406       4438        927        252        246      0.210      0.494      0.799      0.661      0.742 
112     1.1474       4439        926        251        247      0.211      0.496      0.799      0.662      0.742 
113     1.1332       4439        926        251        247      0.211      0.496      0.799      0.662      0.742 
114     1.1423       4438        927        252        246      0.210      0.494      0.799      0.661      0.743 
115     1.1343       4438        927        252        246      0.210      0.494      0.799      0.661      0.743 
116     1.1325       4438        927        252        246      0.210      0.494      0.799      0.661      0.743 
117     1.1447       4438        927        252        246      0.210      0.494      0.799      0.661      0.743 
118     1.1223       4439        926        251        247      0.211      0.496      0.799      0.662      0.743 
119     1.1341       4439        926        251        247      0.211      0.496      0.799      0.662      0.743 
120     1.1323       4439        926        251        247      0.211      0.496      0.799      0.662      0.743 
121     1.1231       4438        927        252        246      0.210      0.494      0.799      0.661      0.744 
122     1.1312       4440        925        250        248      0.211      0.498      0.800      0.663      0.744 
123     1.1324       4441        924        249        249      0.212      0.500      0.800      0.664      0.744 
124     1.1389       4443        922        247        251      0.214      0.504      0.801      0.666      0.744 
125      1.125       4444        921        246        252      0.215      0.506      0.801      0.667      0.744 
126     1.1318       4444        921        246        252      0.215      0.506      0.801      0.667      0.744 
127     1.1373       4444        921        246        252      0.215      0.506      0.801      0.667      0.745 
128     1.1356       4447        918        243        255      0.217      0.512      0.802      0.670      0.745 
129     1.1274       4447        918        243        255      0.217      0.512      0.802      0.670      0.745 
130     1.1473       4446        919        244        254      0.217      0.510      0.802      0.669      0.746 
131     1.1436       4445        920        245        253      0.216      0.508      0.801      0.668      0.746 
132     1.1244       4443        922        247        251      0.214      0.504      0.801      0.666      0.746 
133     1.1326       4440        925        250        248      0.211      0.498      0.800      0.663      0.746 
134     1.1517       4440        925        250        248      0.211      0.498      0.800      0.663      0.747 
135     1.1376       4439        926        251        247      0.211      0.496      0.799      0.662      0.747 
136     1.1285       4438        927        252        246      0.210      0.494      0.799      0.661      0.748 
137     1.1313       4439        926        251        247      0.211      0.496      0.799      0.662      0.748 
138     1.1305       4437        928        253        245      0.209      0.492      0.799      0.659      0.748 
139     1.1225       4438        927        252        246      0.210      0.494      0.799      0.661      0.748 
140     1.1349       4438        927        252        246      0.210      0.494      0.799      0.661      0.749 
141     1.1177       4440        925        250        248      0.211      0.498      0.800      0.663      0.749 
142      1.133       4443        922        247        251      0.214      0.504      0.801      0.666      0.750 
143     1.1237       4442        923        248        250      0.213      0.502      0.800      0.665      0.750 
144     1.1326       4446        919        244        254      0.217      0.510      0.802      0.669      0.751 
145     1.1288       4445        920        245        253      0.216      0.508      0.801      0.668      0.751 
146     1.1308       4445        920        245        253      0.216      0.508      0.801      0.668      0.751 
147     1.1188       4446        919        244        254      0.217      0.510      0.802      0.669      0.751 
148     1.1251       4445        920        245        253      0.216      0.508      0.801      0.668      0.751 
149     1.1292       4448        917        242        256      0.218      0.514      0.802      0.672      0.751 
150     1.1134       4450        915        240        258      0.220      0.518      0.803      0.674      0.751 
151     1.1361       4450        915        240        258      0.220      0.518      0.803      0.674      0.751 
152     1.1125       4449        916        241        257      0.219      0.516      0.803      0.673      0.751 
153     1.1183       4448        917        242        256      0.218      0.514      0.802      0.672      0.751 
154      1.123       4448        917        242        256      0.218      0.514      0.802      0.672      0.751 
155     1.1171       4449        916        241        257      0.219      0.516      0.803      0.673      0.751 
156     1.1193       4450        915        240        258      0.220      0.518      0.803      0.674      0.752 
157     1.1218       4447        918        243        255      0.217      0.512      0.802      0.670      0.752 
158     1.1362       4443        922        247        251      0.214      0.504      0.801      0.666      0.752 
159     1.1189       4442        923        248        250      0.213      0.502      0.800      0.665      0.752 
160     1.1263       4441        924        249        249      0.212      0.500      0.800      0.664      0.752 
161     1.1242       4442        923        248        250      0.213      0.502      0.800      0.665      0.752 
162     1.1299       4445        920        245        253      0.216      0.508      0.801      0.668      0.753 
163     1.1067       4447        918        243        255      0.217      0.512      0.802      0.670      0.753 
164     1.1307       4448        917        242        256      0.218      0.514      0.802      0.672      0.753 
165     1.1317       4449        916        241        257      0.219      0.516      0.803      0.673      0.753 
166     1.1301       4447        918        243        255      0.217      0.512      0.802      0.670      0.753 
167     1.1224       4448        917        242        256      0.218      0.514      0.802      0.672      0.752 
168     1.1236       4443        922        247        251      0.214      0.504      0.801      0.666      0.752 
169     1.1241       4445        920        245        253      0.216      0.508      0.801      0.668      0.752 
170     1.1155       4443        922        247        251      0.214      0.504      0.801      0.666      0.752 
171     1.1158       4443        922        247        251      0.214      0.504      0.801      0.666      0.753 
172     1.1273       4444        921        246        252      0.215      0.506      0.801      0.667      0.753 
173     1.1193       4445        920        245        253      0.216      0.508      0.801      0.668      0.753 
174     1.1029       4443        922        247        251      0.214      0.504      0.801      0.666      0.753 
175     1.1114       4444        921        245        253      0.216      0.508      0.801      0.668      0.753 
176     1.1121       4443        922        247        251      0.214      0.504      0.801      0.666      0.754 
177     1.1233       4442        923        248        250      0.213      0.502      0.800      0.665      0.754 
178     1.1188       4441        924        249        249      0.212      0.500      0.800      0.664      0.754 
179     1.1199       4442        923        248        250      0.213      0.502      0.800      0.665      0.754 
180     1.1248       4443        922        247        251      0.214      0.504      0.801      0.666      0.754 
181     1.1018       4441        924        249        249      0.212      0.500      0.800      0.664      0.754 
182     1.1121       4444        921        246        252      0.215      0.506      0.801      0.667      0.755 
183     1.1285       4447        918        243        255      0.217      0.512      0.802      0.670      0.755 
184     1.1267       4446        919        244        254      0.217      0.510      0.802      0.669      0.755 
185     1.1341       4446        919        244        254      0.217      0.510      0.802      0.669      0.755 
186     1.1274       4449        916        241        257      0.219      0.516      0.803      0.673      0.756 
187      1.118       4452        913        238        260      0.222      0.522      0.804      0.676      0.756 
188     1.1272       4452        913        238        260      0.222      0.522      0.804      0.676      0.756 
189     1.1012       4446        919        244        254      0.217      0.510      0.802      0.669      0.756 
190     1.1286       4448        917        242        256      0.218      0.514      0.802      0.672      0.756 
191     1.1199       4451        914        239        259      0.221      0.520      0.803      0.675      0.756 
192     1.1202       4451        914        239        259      0.221      0.520      0.803      0.675      0.756 
193     1.1136       4449        916        241        257      0.219      0.516      0.803      0.673      0.757 
194     1.1248       4446        919        244        254      0.217      0.510      0.802      0.669      0.757 
195     1.1312       4448        917        242        256      0.218      0.514      0.802      0.672      0.757 
196     1.1145       4446        919        244        254      0.217      0.510      0.802      0.669      0.757 
197     1.1145       4446        919        244        254      0.217      0.510      0.802      0.669      0.757 
198     1.1155       4444        921        246        252      0.215      0.506      0.801      0.667      0.757 
199     1.1005       4445        920        245        253      0.216      0.508      0.801      0.668      0.757 
200     1.1074       4446        919        244        254      0.217      0.510      0.802      0.669      0.757 
201     1.1196       4447        918        243        255      0.217      0.512      0.802      0.670      0.757 
202     1.1116       4447        918        243        255      0.217      0.512      0.802      0.670      0.757 
203     1.1264       4447        918        243        255      0.217      0.512      0.802      0.670      0.757 
204     1.1129       4447        918        243        255      0.217      0.512      0.802      0.670      0.757 
205     1.1237       4446        919        244        254      0.217      0.510      0.802      0.669      0.757 
206       1.12       4445        920        245        253      0.216      0.508      0.801      0.668      0.757 
207     1.1208       4444        921        246        252      0.215      0.506      0.801      0.667      0.757 
208     1.1207       4444        921        246        252      0.215      0.506      0.801      0.667      0.757 
209     1.1002       4445        920        245        253      0.216      0.508      0.801      0.668      0.757 
210     1.1296       4446        919        244        254      0.217      0.510      0.802      0.669      0.758 
211     1.1287       4447        918        243        255      0.217      0.512      0.802      0.670      0.758 
212     1.1102       4445        920        245        253      0.216      0.508      0.801      0.668      0.758 
213     1.1281       4446        919        244        254      0.217      0.510      0.802      0.669      0.758 
214     1.1246       4447        918        243        255      0.217      0.512      0.802      0.670      0.758 
215     1.1046       4450        915        240        258      0.220      0.518      0.803      0.674      0.758 
216     1.1115       4450        915        240        258      0.220      0.518      0.803      0.674      0.759 
217     1.1297       4449        916        241        257      0.219      0.516      0.803      0.673      0.759 
218     1.1266       4451        914        239        259      0.221      0.520      0.803      0.675      0.759 
219      1.113       4455        910        235        263      0.224      0.528      0.805      0.679      0.759 
220     1.1248       4453        912        237        261      0.223      0.524      0.804      0.677      0.759 
221     1.1255       4451        914        239        259      0.221      0.520      0.803      0.675      0.759 
222     1.1376       4451        914        239        259      0.221      0.520      0.803      0.675      0.759 
223       1.11       4451        914        239        259      0.221      0.520      0.803      0.675      0.759 
224     1.0975       4451        914        239        259      0.221      0.520      0.803      0.675      0.759 
225     1.1036       4451        914        239        259      0.221      0.520      0.803      0.675      0.759 
226     1.1101       4453        912        237        261      0.223      0.524      0.804      0.677      0.759 
227     1.1113       4454        911        236        262      0.223      0.526      0.804      0.678      0.759 
228     1.1264       4453        912        237        261      0.223      0.524      0.804      0.677      0.759 
229     1.1142       4455        910        235        263      0.224      0.528      0.805      0.679      0.759 
230     1.1165       4453        912        237        261      0.223      0.524      0.804      0.677      0.759 
231     1.1145       4455        910        235        263      0.224      0.528      0.805      0.679      0.759 
232      1.125       4450        915        240        258      0.220      0.518      0.803      0.674      0.759 
233     1.0982       4450        915        240        258      0.220      0.518      0.803      0.674      0.759 
234     1.1237       4450        915        240        258      0.220      0.518      0.803      0.674      0.759 
235     1.1028       4450        915        240        258      0.220      0.518      0.803      0.674      0.759 
236      1.098       4450        915        240        258      0.220      0.518      0.803      0.674      0.759 
237     1.1153       4451        914        239        259      0.221      0.520      0.803      0.675      0.759 
238      1.119       4450        915        240        258      0.220      0.518      0.803      0.674      0.759 
239     1.1329       4451        914        239        259      0.221      0.520      0.803      0.675      0.759 
240     1.1274       4451        914        239        259      0.221      0.520      0.803      0.675      0.759 
241     1.1234       4453        912        237        261      0.223      0.524      0.804      0.677      0.759 
242      1.128       4452        913        238        260      0.222      0.522      0.804      0.676      0.759 
243     1.1088       4453        912        237        261      0.223      0.524      0.804      0.677      0.759 
244     1.1146       4453        912        237        261      0.223      0.524      0.804      0.677      0.760 
245     1.0962       4452        913        238        260      0.222      0.522      0.804      0.676      0.760 
246     1.1168       4452        913        238        260      0.222      0.522      0.804      0.676      0.760 
247     1.1174       4452        913        238        260      0.222      0.522      0.804      0.676      0.760 
248     1.1216       4453        912        237        261      0.223      0.524      0.804      0.677      0.760 
249     1.1166       4453        912        237        261      0.223      0.524      0.804      0.677      0.760 
250     1.1324       4453        912        237        261      0.223      0.524      0.804      0.677      0.760 
251     1.1345       4454        911        236        262      0.223      0.526      0.804      0.678      0.760 
252     1.1167       4455        910        235        263      0.224      0.528      0.805      0.679      0.760 
253     1.1198       4454        911        236        262      0.223      0.526      0.804      0.678      0.761 
254     1.1119       4457        908        233        265      0.226      0.532      0.805      0.681      0.761 
255     1.1076       4458        907        232        266      0.227      0.534      0.806      0.683      0.761 
256     1.1068       4458        907        232        266      0.227      0.534      0.806      0.683      0.761 
257     1.0977       4457        908        233        265      0.226      0.532      0.805      0.681      0.761 
258     1.1108       4458        907        232        266      0.227      0.534      0.806      0.683      0.761 
259     1.1083       4459        906        231        267      0.228      0.536      0.806      0.684      0.762 
260     1.1106       4456        909        234        264      0.225      0.530      0.805      0.680      0.762 
261     1.0969       4455        910        235        263      0.224      0.528      0.805      0.679      0.762 
262     1.1188       4454        911        236        262      0.223      0.526      0.804      0.678      0.762 
263     1.1066       4454        911        236        262      0.223      0.526      0.804      0.678      0.762 
264      1.103       4457        908        233        265      0.226      0.532      0.805      0.681      0.762 
265     1.1147       4455        910        235        263      0.224      0.528      0.805      0.679      0.763 
266     1.1041       4453        912        237        261      0.223      0.524      0.804      0.677      0.763 
267     1.1077       4456        909        234        264      0.225      0.530      0.805      0.680      0.763 
268     1.1122       4455        910        235        263      0.224      0.528      0.805      0.679      0.763 
269     1.1287       4456        909        234        264      0.225      0.530      0.805      0.680      0.763 
270     1.1219       4457        908        233        265      0.226      0.532      0.805      0.681      0.763 
271     1.1084       4458        907        232        266      0.227      0.534      0.806      0.683      0.763 
272      1.104       4456        909        234        264      0.225      0.530      0.805      0.680      0.763 
273     1.0993       4456        909        234        264      0.225      0.530      0.805      0.680      0.763 
274     1.1176       4456        909        234        264      0.225      0.530      0.805      0.680      0.763 
275     1.1018       4458        907        232        266      0.227      0.534      0.806      0.683      0.763 
276     1.1176       4454        911        236        262      0.223      0.526      0.804      0.678      0.763 
277     1.1039       4453        912        237        261      0.223      0.524      0.804      0.677      0.763 
278     1.1079       4454        911        236        262      0.223      0.526      0.804      0.678      0.762 
279     1.1017       4451        914        239        259      0.221      0.520      0.803      0.675      0.762 
280     1.1068       4450        915        240        258      0.220      0.518      0.803      0.674      0.762 
281     1.1153       4453        912        237        261      0.223      0.524      0.804      0.677      0.762 
282      1.105       4453        912        237        261      0.223      0.524      0.804      0.677      0.762 
283     1.1097       4454        911        236        262      0.223      0.526      0.804      0.678      0.762 
284     1.1186       4457        908        233        265      0.226      0.532      0.805      0.681      0.762 
285     1.1122       4456        909        234        264      0.225      0.530      0.805      0.680      0.762 
286     1.1223       4456        909        234        264      0.225      0.530      0.805      0.680      0.762 
287     1.1081       4456        909        234        264      0.225      0.530      0.805      0.680      0.762 
288     1.0936       4455        910        235        263      0.224      0.528      0.805      0.679      0.762 
289     1.0886       4458        907        232        266      0.227      0.534      0.806      0.683      0.762 
290     1.1017       4456        909        234        264      0.225      0.530      0.805      0.680      0.762 
291     1.0995       4456        909        234        264      0.225      0.530      0.805      0.680      0.762 
292     1.1094       4457        908        233        265      0.226      0.532      0.805      0.681      0.763 
293     1.1045       4459        906        231        267      0.228      0.536      0.806      0.684      0.763 
294     1.1151       4459        906        231        267      0.228      0.536      0.806      0.684      0.763 
295     1.1063       4458        907        232        266      0.227      0.534      0.806      0.683      0.764 
296     1.1166       4459        906        231        267      0.228      0.536      0.806      0.684      0.764 
297     1.0962       4460        905        230        268      0.228      0.538      0.806      0.685      0.764 
298     1.1221       4462        903        228        270      0.230      0.542      0.807      0.687      0.764 
299     1.1107       4460        905        230        268      0.228      0.538      0.806      0.685      0.764 
300     1.0954       4459        906        231        267      0.228      0.536      0.806      0.684      0.764 
